0 0
1 2
2 1
3 1
4 2
5 2
6 3
7 2
8 3
9 4
10 2
11 2
12 4
13 4
14 4
15 5
16 5
17 5
18 4
19 9
20 9
21 6
22 7
23 7
24 7
25 8
26 12
27 9
28 8
29 7
30 10
31 9
32 10
33 11
34 10
35 10
36 11
37 12
38 15
39 11
40 13
41 13
42 12
43 13
44 9
45 12
46 15
47 14
48 10
49 16
50 16
51 14
52 10
53 10
54 12
55 11
56 23
57 12
58 12
59 19
60 20
61 13
62 18
63 18
64 13
65 15
66 20
67 19
68 19
69 15
70 21
71 13
72 23
73 16
74 24
75 22
76 21
77 25
78 24
79 25
80 23
81 22
82 26
83 27
84 27
85 20
86 29
87 23
88 47
89 27
90 29
91 28
92 26
93 19
94 19
95 20
96 21
97 25
98 23
99 40
100 31
101 30
102 29
103 35
104 24
105 28
106 42
107 35
108 46
109 38
110 24
111 34
112 38
113 37
114 35
115 33
116 25
117 24
118 25
119 30
120 24
121 24
122 26
123 31
124 37
125 29
126 26
127 27
128 83
129 70
130 46
131 37
132 28
133 49
134 53
135 31
136 32
137 29
138 32
139 30
140 48
141 35
142 32
143 33
144 45
145 42
146 32
147 33
148 64
149 53
150 70
151 33
152 33
153 90
154 33
155 33
156 38
157 44
158 39
159 43
160 52
161 35
162 35
163 36
164 48
165 36
166 36
167 49
168 37
169 48
170 59
171 61
172 37
173 60
174 60
175 41
176 37
177 39
178 40
179 49
180 44
181 46
182 56
183 40
184 55
185 44
186 40
187 41
188 68
189 57
190 59
191 41
192 61
193 46
194 46
195 43
196 44
197 43
198 44
199 46
200 61
201 46
202 67
203 67
204 45
205 64
206 47
207 46
208 51
209 51
210 64
211 51
212 67
213 48
214 60
215 52
216 49
217 47
218 69
219 51
220 65
221 50
222 61
223 79
224 77
225 55
226 49
227 51
228 51
229 63
230 124
231 60
232 52
233 63
234 96
235 82
236 106
237 91
238 53
239 56
240 56
241 59
242 73
243 92
244 99
245 75
246 64
247 55
248 100
249 75
250 57
251 59
252 55
253 55
254 56
255 75
256 57
257 75
258 91
259 61
260 84
261 91
262 58
263 59
264 81
265 60
266 59
267 59
268 60
269 78
270 91
271 62
272 61
273 61
274 62
275 63
276 61
277 62
278 62
279 73
280 63
281 81
282 64
283 67
284 73
285 67
286 66
287 66
288 65
289 65
290 66
291 66
292 65
293 68
294 67
295 67
296 110
297 68
298 67
299 67
300 68
301 69
302 69
303 72
304 70
305 72
306 98
307 79
308 84
309 70
310 71
311 70
312 71
313 70
314 71
315 76
316 89
317 73
318 73
319 73
320 75
321 73
322 75
323 76
324 74
325 74
326 76
327 75
328 81
329 75
330 75
331 76
332 75
333 77
334 95
335 76
336 86
337 78
338 85
339 97
340 78
341 79
342 84
343 81
344 81
345 81
346 82
347 80
348 80
349 92
350 79
351 81
352 83
353 84
354 81
355 93
356 82
357 84
358 110
359 89
360 83
361 82
362 82
363 83
364 84
365 84
366 86
367 103
368 123
369 94
370 85
371 85
372 86
373 106
374 93
375 88
376 132
377 116
378 87
379 126
380 112
381 89
382 89
383 90
384 135
385 105
386 131
387 139
388 97
389 109
390 104
391 92
392 94
393 94
394 92
395 93
396 93
397 92
398 93
399 119
400 93
401 93
402 147
403 110
404 93
405 93
406 131
407 151
408 130
409 118
410 119
411 100
412 97
413 100
414 100
415 100
416 108
417 100
418 100
419 100
420 99
421 116
422 131
423 99
424 100
425 100
426 102
427 101
428 100
429 123
430 106
431 105
432 113
433 103
434 101
435 106
436 129
437 123
438 154
439 104
440 103
441 104
442 129
443 110
444 128
445 103
446 103
447 103
448 105
449 105
450 166
451 107
452 161
453 116
454 141
455 185
456 142
457 144
458 136
459 157
460 129
461 155
462 154
463 127
464 171
465 144
466 143
467 108
468 164
469 170
470 169
471 166
472 172
473 169
474 172
475 172
476 172
477 171
478 169
479 171
480 174
481 177
482 165
483 174
484 179
485 178
486 177
487 175
488 174
489 173
490 173
491 173
492 176
493 183
494 167
495 166
496 175
497 197
498 178
499 185
500 176
501 184
502 182
503 160
504 122
505 130
506 179
507 120
508 126
509 138
510 147
511 132
512 132
513 131
514 150
515 132
516 141
517 141
518 184
519 187
520 125
521 124
522 125
523 177
524 179
525 177
526 179
527 165
528 126
529 181
530 152
531 160
532 169
533 160
534 195
535 145
536 175
537 176
538 163
539 182
540 133
541 152
542 167
543 162
544 164
545 162
546 163
547 131
548 132
549 191
550 151
551 136
552 166
553 132
554 133
555 133
556 149
557 136
558 136
559 137
560 137
561 151
562 136
563 138
564 137
565 136
566 137
567 161
568 156
569 170
570 171
571 134
572 190
573 138
574 170
575 139
576 138
577 139
578 207
579 141
580 139
581 138
582 141
583 202
584 174
585 175
586 176
587 177
588 176
589 191
590 147
591 144
592 144
593 146
594 145
595 144
596 144
597 145
598 145
599 145
600 147
601 146
602 169
603 250
604 232
605 219
606 228
607 223
608 216
609 231
610 232
611 228
612 233
613 228
614 225
615 228
616 222
617 237
618 231
619 236
620 237
621 237
622 239
623 229
624 234
625 234
626 263
627 231
628 235
629 229
630 182
631 183
632 248
633 238
634 168
635 190
636 189
637 180
638 186
639 188
640 257
641 160
642 188
643 191
644 191
645 195
646 159
647 161
648 168
649 158
650 161
651 158
652 182
653 249
654 247
655 219
656 227
657 225
658 228
659 183
660 167
661 162
662 163
663 169
664 199
665 166
666 163
667 169
668 168
669 220
670 181
671 174
672 171
673 189
674 190
675 181
676 171
677 191
678 194
679 176
680 177
681 252
682 259
683 194
684 205
685 200
686 168
687 205
688 204
689 203
690 204
691 183
692 217
693 202
694 191
695 243
696 175
697 183
698 171
699 173
700 177
701 197
702 176
703 210
704 174
705 175
706 173
707 176
708 176
709 176
710 186
711 177
712 178
713 179
714 180
715 180
716 190
717 186
718 181
719 181
720 217
721 199
722 181
723 178
724 216
725 180
726 182
727 182
728 192
729 181
730 182
731 226
732 181
733 184
734 182
735 183
736 185
737 185
738 222
739 184
740 195
741 183
742 195
743 187
744 188
745 201
746 188
747 186
748 186
749 186
750 186
751 201
752 185
753 197
754 188
755 211
756 225
757 233
758 188
759 193
760 191
761 242
762 191
763 198
764 192
765 195
766 193
767 200
768 234
769 223
770 225
771 252
772 228
773 195
774 205
775 200
776 198
777 199
778 194
779 195
780 197
781 195
782 198
783 196
784 196
785 197
786 196
787 199
788 204
789 214
790 198
791 198
792 202
793 201
794 225
795 198
796 199
797 200
798 199
799 205
800 213
801 200
802 205
803 213
804 203
805 202
806 203
807 206
808 216
809 202
810 209
811 208
812 203
813 207
814 206
815 218
816 233
817 237
818 271
819 241
820 239
821 208
822 209
823 210
824 209
825 236
826 213
827 209
828 208
829 207
830 241
831 289
832 210
833 249
834 273
835 251
836 298
837 282
838 212
839 214
840 216
841 326
842 227
843 214
844 240
845 216
846 241
847 230
848 306
849 230
850 247
851 243
852 315
853 314
854 317
855 307
856 339
857 306
858 303
859 301
860 317
861 344
862 331
863 457
864 321
865 460
866 330
867 378
868 296
869 254
870 236
871 248
872 244
873 251
874 256
875 242
876 255
877 253
878 278
879 306
880 254
881 254
882 257
883 224
884 241
885 224
886 225
887 258
888 377
889 223
890 253
891 255
892 261
893 322
894 259
895 225
896 229
897 239
898 229
899 261
900 232
901 258
902 259
903 261
904 260
905 282
906 265
907 259
908 259
909 296
910 259
911 233
912 230
913 232
914 233
915 232
916 234
917 236
918 234
919 248
920 266
921 265
922 302
923 237
924 235
925 237
926 236
927 245
928 237
929 234
930 235
931 235
932 236
933 240
934 290
935 266
936 260
937 270
938 270
939 322
940 267
941 269
942 269
943 271
944 272
945 313
946 241
947 239
948 241
949 240
950 241
951 242
952 242
953 275
954 275
955 278
956 240
957 299
958 271
959 274
960 276
961 276
962 282
963 276
964 346
965 249
966 248
967 246
968 294
969 276
970 278
971 279
972 295
973 277
974 280
975 280
976 281
977 282
978 282
979 281
980 283
981 286
982 284
983 452
984 288
985 245
986 247
987 247
988 243
989 260
990 248
991 246
992 251
993 252
994 243
995 250
996 250
997 249
998 251
999 252
1000 245
1001 242
1002 245
1003 242
1004 245
1005 302
1006 246
1007 243
1008 249
1009 263
1010 254
1011 304
1012 395
1013 274
1014 259
1015 359
1016 251
1017 287
1018 256
1019 257
1020 253
1021 254
1022 255
1023 258
1024 252
1025 257
1026 263
1027 260
1028 257
1029 296
1030 263
1031 257
1032 259
1033 271
1034 262
1035 257
1036 259
1037 264
1038 259
1039 302
1040 348
1041 266
1042 267
1043 258
1044 263
1045 267
1046 260
1047 260
1048 261
1049 308
1050 254
1051 283
1052 260
1053 365
1054 426
1055 438
1056 297
1057 321
1058 318
1059 325
1060 293
1061 277
1062 272
1063 400
1064 302
1065 269
1066 281
1067 275
1068 279
1069 289
1070 275
1071 277
1072 371
1073 272
1074 402
1075 271
1076 274
1077 275
1078 269
1079 270
1080 274
1081 269
1082 278
1083 278
1084 279
1085 277
1086 281
1087 283
1088 279
1089 280
1090 493
1091 287
1092 283
1093 278
1094 278
1095 278
1096 271
1097 460
1098 429
1099 398
1100 275
1101 278
1102 281
1103 284
1104 295
1105 440
1106 285
1107 284
1108 278
1109 280
1110 283
1111 282
1112 284
1113 279
1114 281
1115 275
1116 314
1117 279
1118 288
1119 290
1120 289
1121 287
1122 288
1123 296
1124 280
1125 275
1126 282
1127 289
1128 284
1129 284
1130 291
1131 289
1132 379
1133 288
1134 291
1135 287
1136 287
1137 287
1138 288
1139 377
1140 292
1141 290
1142 286
1143 289
1144 393
1145 348
1146 292
1147 305
1148 291
1149 286
1150 288
1151 304
1152 351
1153 286
1154 286
1155 397
1156 290
1157 303
1158 292
1159 293
1160 297
1161 452
1162 293
1163 292
1164 436
1165 479
1166 406
1167 423
1168 307
1169 303
1170 316
1171 297
1172 299
1173 303
1174 301
1175 405
1176 304
1177 308
1178 400
1179 303
1180 308
1181 307
1182 309
1183 300
1184 603
1185 303
1186 305
1187 310
1188 482
1189 318
1190 310
1191 303
1192 307
1193 306
1194 314
1195 464
1196 298
1197 298
1198 308
1199 307
1200 314
1201 316
1202 405
1203 308
1204 311
1205 399
1206 316
1207 388
1208 320
1209 420
1210 324
1211 314
1212 323
1213 358
1214 309
1215 314
1216 316
1217 317
1218 313
1219 322
1220 306
1221 319
1222 308
1223 312
1224 317
1225 318
1226 315
1227 313
1228 315
1229 305
1230 310
1231 312
1232 307
1233 342
1234 351
1235 316
1236 320
1237 306
1238 316
1239 351
1240 590
1241 361
1242 327
1243 313
1244 404
1245 323
1246 322
1247 319
1248 322
1249 327
1250 352
1251 327
1252 325
1253 354
1254 325
1255 321
1256 317
1257 329
1258 327
1259 323
1260 330
1261 322
1262 390
1263 323
1264 317
1265 315
1266 396
1267 331
1268 328
1269 338
1270 314
1271 496
1272 331
1273 357
1274 322
1275 325
1276 328
1277 326
1278 328
1279 332
1280 330
1281 326
1282 481
1283 327
1284 339
1285 325
1286 341
1287 336
1288 337
1289 331
1290 327
1291 335
1292 533
1293 332
1294 329
1295 338
1296 354
1297 332
1298 334
1299 344
1300 335
1301 344
1302 334
1303 335
1304 385
1305 339
1306 333
1307 335
1308 334
1309 379
1310 369
1311 346
1312 347
1313 342
1314 343
1315 346
1316 349
1317 343
1318 467
1319 340
1320 381
1321 340
1322 342
1323 350
1324 349
1325 353
1326 344
1327 344
1328 341
1329 344
1330 340
1331 345
1332 346
1333 340
1334 350
1335 439
1336 341
1337 335
1338 416
1339 346
1340 351
1341 350
1342 438
1343 352
1344 353
1345 353
1346 348
1347 443
1348 352
1349 347
1350 352
1351 382
1352 340
1353 354
1354 355
1355 344
1356 351
1357 352
1358 350
1359 349
1360 347
1361 473
1362 352
1363 352
1364 354
1365 358
1366 357
1367 355
1368 361
1369 364
1370 356
1371 352
1372 386
1373 362
1374 359
1375 356
1376 364
1377 440
1378 367
1379 356
1380 475
1381 356
1382 363
1383 361
1384 356
1385 357
1386 459
1387 389
1388 351
1389 355
1390 362
1391 358
1392 378
1393 374
1394 366
1395 369
1396 377
1397 365
1398 364
1399 363
1400 395
1401 368
1402 364
1403 364
1404 375
1405 370
1406 371
1407 495
1408 366
1409 364
1410 362
1411 365
1412 465
1413 354
1414 360
1415 359
1416 374
1417 369
1418 455
1419 383
1420 369
1421 375
1422 366
1423 374
1424 356
1425 361
1426 375
1427 379
1428 372
1429 376
1430 487
1431 403
1432 375
1433 373
1434 378
1435 461
1436 504
1437 379
1438 444
1439 371
1440 369
1441 361
1442 370
1443 388
1444 370
1445 366
1446 380
1447 380
1448 413
1449 401
1450 373
1451 584
1452 412
1453 381
1454 376
1455 379
1456 601
1457 379
1458 385
1459 389
1460 385
1461 456
1462 379
1463 449
1464 398
1465 417
1466 391
1467 393
1468 702
1469 386
1470 398
1471 406
1472 399
1473 404
1474 412
1475 421
1476 410
1477 413
1478 470
1479 406
1480 397
1481 514
1482 393
1483 390
1484 428
1485 409
1486 398
1487 395
1488 392
1489 390
1490 402
1491 477
1492 411
1493 413
1494 421
1495 413
1496 400
1497 401
1498 421
1499 396
1500 410
1501 524
1502 511
1503 399
1504 414
1505 430
1506 415
1507 399
1508 417
1509 487
1510 526
1511 410
1512 413
1513 422
1514 428
1515 402
1516 412
1517 490
1518 413
1519 413
1520 421
1521 452
1522 413
1523 416
1524 395
1525 409
1526 412
1527 450
1528 411
1529 436
1530 409
1531 412
1532 411
1533 416
1534 392
1535 392
1536 548
1537 398
1538 399
1539 402
1540 412
1541 412
1542 403
1543 391
1544 586
1545 403
1546 399
1547 402
1548 421
1549 443
1550 509
1551 422
1552 415
1553 421
1554 417
1555 404
1556 407
1557 427
1558 409
1559 406
1560 421
1561 414
1562 418
1563 418
1564 406
1565 478
1566 405
1567 407
1568 435
1569 415
1570 417
1571 408
1572 405
1573 407
1574 412
1575 417
1576 424
1577 408
1578 453
1579 420
1580 425
1581 423
1582 595
1583 427
1584 444
1585 450
1586 446
1587 405
1588 475
1589 514
1590 462
1591 488
1592 435
1593 441
1594 477
1595 457
1596 429
1597 478
1598 441
1599 616
1600 498
1601 440
1602 575
1603 445
1604 476
1605 442
1606 467
1607 466
1608 443
1609 447
1610 429
1611 433
1612 460
1613 624
1614 432
1615 485
1616 460
1617 448
1618 431
1619 453
1620 434
1621 500
1622 439
1623 450
1624 433
1625 424
1626 435
1627 436
1628 433
1629 457
1630 437
1631 495
1632 428
1633 561
1634 456
1635 441
1636 561
1637 437
1638 439
1639 474
1640 521
1641 453
1642 444
1643 431
1644 438
1645 434
1646 444
1647 653
1648 495
1649 465
1650 458
1651 429
1652 883
1653 485
1654 457
1655 519
1656 460
1657 485
1658 632
1659 471
1660 449
1661 469
1662 479
1663 450
1664 502
1665 530
1666 464
1667 571
1668 455
1669 446
1670 456
1671 449
1672 442
1673 439
1674 445
1675 444
1676 445
1677 434
1678 513
1679 441
1680 437
1681 441
1682 445
1683 588
1684 441
1685 510
1686 445
1687 433
1688 443
1689 440
1690 440
1691 440
1692 439
1693 442
1694 477
1695 516
1696 455
1697 448
1698 435
1699 445
1700 450
1701 455
1702 464
1703 451
1704 458
1705 467
1706 455
1707 456
1708 463
1709 560
1710 450
1711 454
1712 443
1713 462
1714 442
1715 504
1716 467
1717 466
1718 460
1719 560
1720 590
1721 519
1722 555
1723 475
1724 494
1725 548
1726 721
1727 471
1728 758
1729 505
1730 520
1731 479
1732 701
1733 625
1734 480
1735 487
1736 540
1737 467
1738 676
1739 511
1740 468
1741 565
1742 486
1743 525
1744 483
1745 477
1746 584
1747 482
1748 537
1749 530
1750 576
1751 591
1752 657
1753 543
1754 495
1755 574
1756 471
1757 495
1758 493
1759 645
1760 497
1761 562
1762 519
1763 494
1764 491
1765 525
1766 597
1767 488
1768 618
1769 475
1770 690
1771 489
1772 476
1773 484
1774 505
1775 729
1776 492
1777 594
1778 520
1779 640
1780 491
1781 518
1782 503
1783 506
1784 527
1785 493
1786 469
1787 459
1788 474
1789 503
1790 473
1791 462
1792 464
1793 475
1794 512
1795 463
1796 470
1797 469
1798 470
1799 849
1800 475
1801 482
1802 540
1803 504
1804 477
1805 487
1806 493
1807 503
1808 495
1809 492
1810 472
1811 619
1812 487
1813 487
1814 565
1815 484
1816 489
1817 495
1818 495
1819 490
1820 478
1821 493
1822 499
1823 605
1824 518
1825 578
1826 511
1827 517
1828 560
1829 505
1830 498
1831 511
1832 496
1833 529
1834 743
1835 569
1836 560
1837 739
1838 703
1839 526
1840 516
1841 805
1842 774
1843 774
1844 795
1845 791
1846 542
1847 770
1848 516
1849 499
1850 501
1851 628
1852 524
1853 624
1854 559
1855 499
1856 623
1857 580
1858 539
1859 536
1860 565
1861 523
1862 517
1863 524
1864 546
1865 527
1866 525
1867 553
1868 547
1869 494
1870 503
1871 506
1872 598
1873 514
1874 517
1875 588
1876 517
1877 545
1878 686
1879 810
1880 737
1881 542
1882 560
1883 508
1884 677
1885 565
1886 497
1887 498
1888 505
1889 516
1890 514
1891 599
1892 502
1893 512
1894 688
1895 502
1896 534
1897 610
1898 610
1899 503
1900 500
1901 501
1902 609
1903 564
1904 538
1905 535
1906 514
1907 581
1908 673
1909 559
1910 590
1911 528
1912 570
1913 531
1914 637
1915 528
1916 538
1917 556
1918 562
1919 539
1920 870
1921 580
1922 523
1923 560
1924 566
1925 542
1926 533
1927 642
1928 623
1929 551
1930 633
1931 535
1932 546
1933 553
1934 511
1935 522
1936 538
1937 523
1938 515
1939 520
1940 513
1941 516
1942 515
1943 519
1944 513
1945 508
1946 626
1947 524
1948 514
1949 523
1950 559
1951 519
1952 528
1953 539
1954 523
1955 533
1956 565
1957 516
1958 516
1959 517
1960 524
1961 527
1962 517
1963 524
1964 523
1965 530
1966 517
1967 524
1968 529
1969 515
1970 525
1971 518
1972 523
1973 520
1974 525
1975 522
1976 534
1977 556
1978 699
1979 519
1980 575
1981 519
1982 588
1983 548
1984 512
1985 560
1986 522
1987 613
1988 571
1989 545
1990 542
1991 530
1992 712
1993 604
1994 619
1995 530
1996 527
1997 537
1998 531
1999 528
2000 560
2001 557
2002 705
2003 580
2004 711
2005 785
2006 909
2007 661
2008 718
2009 683
2010 703
2011 834
2012 1161
2013 809
2014 873
2015 821
2016 868
2017 816
2018 835
2019 964
2020 628
2021 730
2022 744
2023 883
2024 735
2025 647
2026 836
2027 798
2028 665
2029 657
2030 579
2031 635
2032 576
2033 652
2034 584
2035 572
2036 582
2037 629
2038 585
2039 567
2040 872
2041 874
2042 813
2043 849
2044 800
2045 851
2046 871
2047 1766
2048 1023
2049 914
2050 870
2051 768
2052 918
2053 865
2054 645
2055 594
2056 669
2057 666
2058 734
2059 585
2060 610
2061 596
2062 786
2063 567
2064 565
2065 580
2066 603
2067 602
2068 607
2069 655
2070 601
2071 604
2072 605
2073 575
2074 589
2075 591
2076 648
2077 605
2078 607
2079 605
2080 606
2081 595
2082 615
2083 666
2084 666
2085 732
2086 707
2087 687
2088 621
2089 689
2090 893
2091 906
2092 783
2093 743
2094 604
2095 639
2096 611
2097 625
2098 630
2099 607
2100 797
2101 846
2102 820
2103 804
2104 790
2105 826
2106 1075
2107 962
2108 601
2109 616
2110 794
2111 615
2112 687
2113 613
2114 631
2115 627
2116 679
2117 633
2118 628
2119 605
2120 615
2121 614
2122 678
2123 623
2124 616
2125 685
2126 624
2127 616
2128 617
2129 622
2130 677
2131 636
2132 617
2133 657
2134 640
2135 620
2136 620
2137 678
2138 618
2139 724
2140 572
2141 579
2142 564
2143 584
2144 567
2145 592
2146 586
2147 592
2148 590
2149 682
2150 565
2151 583
2152 620
2153 661
2154 597
2155 599
2156 700
2157 585
2158 620
2159 756
2160 623
2161 576
2162 606
2163 659
2164 585
2165 599
2166 603
2167 665
2168 603
2169 663
2170 718
2171 618
2172 607
2173 602
2174 587
2175 597
2176 625
2177 600
2178 600
2179 590
2180 801
2181 647
2182 592
2183 648
2184 599
2185 677
2186 661
2187 612
2188 598
2189 605
2190 598
2191 602
2192 622
2193 765
2194 602
2195 615
2196 599
2197 624
2198 615
2199 598
2200 613
2201 686
2202 581
2203 597
2204 691
2205 613
2206 594
2207 622
2208 593
2209 612
2210 683
2211 600
2212 607
2213 636
2214 610
2215 607
2216 706
2217 634
2218 605
2219 633
2220 712
2221 614
2222 602
2223 617
2224 638
2225 754
2226 584
2227 623
2228 598
2229 584
2230 638
2231 634
2232 635
2233 587
2234 597
2235 602
2236 645
2237 689
2238 606
2239 609
2240 615
2241 600
2242 652
2243 623
2244 596
2245 639
2246 602
2247 718
2248 674
2249 722
2250 605
2251 609
2252 615
2253 592
2254 593
2255 625
2256 630
2257 624
2258 636
2259 635
2260 683
2261 621
2262 608
2263 647
2264 671
2265 608
2266 718
2267 646
2268 662
2269 605
2270 631
2271 604
2272 608
2273 598
2274 617
2275 658
2276 647
2277 608
2278 598
2279 685
2280 712
2281 631
2282 631
2283 618
2284 705
2285 607
2286 632
2287 712
2288 633
2289 672
2290 641
2291 637
2292 609
2293 660
2294 718
2295 632
2296 670
2297 624
2298 622
2299 778
2300 616
2301 618
2302 612
2303 609
2304 625
2305 638
2306 623
2307 757
2308 627
2309 640
2310 617
2311 614
2312 701
2313 627
2314 630
2315 617
2316 733
2317 663
2318 630
2319 628
2320 774
2321 758
2322 647
2323 621
2324 782
2325 661
2326 614
2327 702
2328 678
2329 703
2330 801
2331 653
2332 714
2333 630
2334 833
2335 671
2336 684
2337 659
2338 627
2339 640
2340 619
2341 666
2342 745
2343 654
2344 706
2345 649
2346 664
2347 643
2348 670
2349 920
2350 642
2351 655
2352 639
2353 797
2354 616
2355 729
2356 641
2357 665
2358 642
2359 780
2360 645
2361 661
2362 643
2363 658
2364 823
2365 635
2366 731
2367 643
2368 841
2369 640
2370 646
2371 636
2372 681
2373 799
2374 642
2375 668
2376 681
2377 647
2378 689
2379 728
2380 822
2381 810
2382 660
2383 747
2384 644
2385 748
2386 631
2387 699
2388 686
2389 748
2390 644
2391 658
2392 655
2393 672
2394 681
2395 673
2396 717
2397 640
2398 755
2399 656
2400 648
2401 635
2402 772
2403 658
2404 757
2405 644
2406 690
2407 677
2408 666
2409 771
2410 705
2411 901
2412 671
2413 688
2414 678
2415 681
2416 656
2417 691
2418 739
2419 1134
2420 934
2421 695
2422 690
2423 640
2424 797
2425 771
2426 666
2427 664
2428 702
2429 684
2430 773
2431 687
2432 708
2433 677
2434 675
2435 675
2436 664
2437 658
2438 648
2439 661
2440 668
2441 718
2442 666
2443 686
2444 716
2445 683
2446 777
2447 1643
2448 756
2449 671
2450 670
2451 676
2452 676
2453 670
2454 687
2455 652
2456 649
2457 684
2458 652
2459 677
2460 727
2461 674
2462 654
2463 674
2464 657
2465 656
2466 656
2467 676
2468 678
2469 671
2470 676
2471 677
2472 680
2473 1061
2474 840
2475 831
2476 706
2477 676
2478 705
2479 728
2480 690
2481 719
2482 681
2483 676
2484 682
2485 748
2486 680
2487 718
2488 713
2489 681
2490 684
2491 685
2492 678
2493 684
2494 683
2495 687
2496 686
2497 721
2498 719
2499 685
2500 686
2501 686
2502 743
2503 688
2504 690
2505 723
2506 679
2507 717
2508 684
2509 691
2510 689
2511 720
2512 683
2513 684
2514 785
2515 934
2516 751
2517 942
2518 714
2519 814
2520 707
2521 698
2522 696
2523 712
2524 709
2525 742
2526 698
2527 690
2528 712
2529 712
2530 708
2531 713
2532 714
2533 708
2534 693
2535 694
2536 694
2537 709
2538 700
2539 712
2540 784
2541 741
2542 736
2543 727
2544 722
2545 1105
2546 738
2547 826
2548 735
2549 715
2550 727
2551 679
2552 684
2553 681
2554 884
2555 908
2556 867
2557 698
2558 741
2559 723
2560 701
2561 698
2562 702
2563 759
2564 682
2565 790
2566 684
2567 724
2568 758
2569 684
2570 685
2571 724
2572 686
2573 696
2574 724
2575 815
2576 819
2577 741
2578 688
2579 740
2580 760
2581 719
2582 731
2583 726
2584 760
2585 732
2586 767
2587 732
2588 726
2589 716
2590 690
2591 730
2592 725
2593 725
2594 727
2595 711
2596 1649
2597 807
2598 708
2599 723
2600 713
2601 737
2602 694
2603 728
2604 734
2605 731
2606 696
2607 742
2608 767
2609 754
2610 696
2611 715
2612 725
2613 735
2614 722
2615 744
2616 720
2617 748
2618 734
2619 725
2620 735
2621 724
2622 734
2623 759
2624 734
2625 779
2626 727
2627 729
2628 727
2629 728
2630 728
2631 745
2632 739
2633 729
2634 765
2635 727
2636 745
2637 728
2638 734
2639 726
2640 734
2641 898
2642 753
2643 748
2644 752
2645 724
2646 750
2647 821
2648 745
2649 729
2650 754
2651 790
2652 731
2653 782
2654 732
2655 738
2656 753
2657 750
2658 755
2659 754
2660 754
2661 881
2662 755
2663 765
2664 752
2665 734
2666 761
2667 1251
2668 820
2669 1003
2670 791
2671 910
2672 780
2673 750
2674 761
2675 716
2676 717
2677 722
2678 760
2679 721
2680 774
2681 763
2682 722
2683 758
2684 743
2685 752
2686 1101
2687 792
2688 758
2689 738
2690 745
2691 737
2692 750
2693 736
2694 744
2695 723
2696 760
2697 751
2698 741
2699 1124
2700 791
2701 740
2702 762
2703 910
2704 763
2705 745
2706 734
2707 749
2708 806
2709 751
2710 750
2711 726
2712 728
2713 726
2714 757
2715 770
2716 844
2717 1154
2718 840
2719 755
2720 766
2721 757
2722 770
2723 757
2724 732
2725 752
2726 750
2727 753
2728 966
2729 760
2730 755
2731 807
2732 754
2733 752
2734 753
2735 754
2736 794
2737 791
2738 937
2739 775
2740 945
2741 758
2742 737
2743 747
2744 747
2745 761
2746 911
2747 868
2748 761
2749 758
2750 762
2751 760
2752 757
2753 766
2754 762
2755 773
2756 767
2757 738
2758 743
2759 741
2760 794
2761 743
2762 760
2763 857
2764 807
2765 745
2766 901
2767 984
2768 789
2769 785
2770 789
2771 801
2772 774
2773 822
2774 931
2775 781
2776 771
2777 793
2778 803
2779 769
2780 751
2781 757
2782 768
2783 749
2784 772
2785 778
2786 817
2787 752
2788 772
2789 903
2790 791
2791 750
2792 820
2793 779
2794 958
2795 783
2796 1072
2797 813
2798 812
2799 816
2800 794
2801 795
2802 777
2803 792
2804 836
2805 777
2806 791
2807 789
2808 779
2809 802
2810 777
2811 777
2812 816
2813 890
2814 778
2815 777
2816 769
2817 767
2818 797
2819 790
2820 807
2821 902
2822 800
2823 785
2824 780
2825 803
2826 781
2827 786
2828 784
2829 790
2830 796
2831 909
2832 803
2833 904
2834 819
2835 788
2836 788
2837 809
2838 839
2839 765
2840 822
2841 790
2842 824
2843 813
2844 889
2845 768
2846 810
2847 810
2848 816
2849 814
2850 789
2851 857
2852 812
2853 814
2854 824
2855 929
2856 816
2857 818
2858 864
2859 792
2860 845
2861 839
2862 853
2863 810
2864 819
2865 816
2866 799
2867 836
2868 809
2869 855
2870 852
2871 899
2872 1010
2873 787
2874 796
2875 843
2876 776
2877 796
2878 800
2879 804
2880 805
2881 799
2882 783
2883 836
2884 798
2885 807
2886 838
2887 848
2888 780
2889 808
2890 839
2891 865
2892 942
2893 835
2894 873
2895 896
2896 803
2897 850
2898 803
2899 804
2900 939
2901 929
2902 1035
2903 885
2904 831
2905 836
2906 863
2907 853
2908 847
2909 859
2910 864
2911 872
2912 850
2913 871
2914 861
2915 850
2916 829
2917 841
2918 812
2919 928
2920 830
2921 841
2922 827
2923 824
2924 834
2925 813
2926 813
2927 815
2928 947
2929 840
2930 832
2931 853
2932 836
2933 842
2934 1251
2935 1237
2936 916
2937 928
2938 848
2939 818
2940 841
2941 868
2942 845
2943 851
2944 811
2945 806
2946 795
2947 841
2948 822
2949 822
2950 828
2951 826
2952 858
2953 827
2954 857
2955 822
2956 831
2957 826
2958 914
2959 949
2960 842
2961 1382
2962 852
2963 843
2964 830
2965 824
2966 897
2967 813
2968 824
2969 836
2970 825
2971 822
2972 823
2973 905
2974 837
2975 831
2976 819
2977 862
2978 836
2979 831
2980 838
2981 868
2982 831
2983 828
2984 823
2985 859
2986 833
2987 875
2988 879
2989 811
2990 829
2991 812
2992 878
2993 865
2994 912
2995 866
2996 827
2997 872
2998 832
2999 836
