0 3
1 1
2 1
3 0
4 1
5 2
6 3
7 2
8 3
9 2
10 2
11 4
12 2
13 5
14 5
15 5
16 5
17 5
18 6
19 6
20 6
21 7
22 7
23 8
24 8
25 8
26 10
27 8
28 11
29 9
30 9
31 12
32 11
33 18
34 11
35 13
36 12
37 12
38 15
39 14
40 14
41 16
42 14
43 14
44 14
45 14
46 13
47 15
48 13
49 11
50 17
51 17
52 21
53 16
54 33
55 14
56 19
57 19
58 14
59 24
60 23
61 22
62 24
63 19
64 17
65 19
66 20
67 16
68 15
69 17
70 17
71 17
72 63
73 20
74 26
75 30
76 26
77 44
78 27
79 28
80 28
81 35
82 29
83 28
84 30
85 23
86 23
87 22
88 27
89 22
90 32
91 30
92 33
93 43
94 33
95 22
96 32
97 22
98 31
99 29
100 46
101 37
102 43
103 35
104 25
105 27
106 28
107 38
108 64
109 40
110 39
111 26
112 33
113 37
114 30
115 37
116 36
117 28
118 29
119 32
120 29
121 29
122 29
123 29
124 29
125 29
126 51
127 30
128 46
129 77
130 43
131 34
132 51
133 54
134 33
135 53
136 52
137 34
138 33
139 35
140 39
141 43
142 36
143 100
144 46
145 38
146 53
147 43
148 42
149 60
150 46
151 47
152 40
153 63
154 55
155 38
156 39
157 39
158 47
159 56
160 56
161 53
162 42
163 43
164 46
165 42
166 40
167 46
168 43
169 44
170 43
171 52
172 44
173 43
174 45
175 45
176 64
177 49
178 50
179 70
180 52
181 50
182 48
183 50
184 46
185 58
186 49
187 62
188 50
189 70
190 82
191 68
192 61
193 64
194 50
195 54
196 50
197 57
198 55
199 51
200 54
201 75
202 71
203 85
204 53
205 55
206 59
207 71
208 58
209 91
210 82
211 85
212 84
213 65
214 94
215 72
216 66
217 55
218 58
219 57
220 73
221 125
222 94
223 77
224 62
225 59
226 59
227 57
228 61
229 81
230 70
231 62
232 73
233 87
234 65
235 82
236 106
237 90
238 62
239 61
240 74
241 64
242 62
243 81
244 82
245 90
246 87
247 67
248 70
249 85
250 85
251 69
252 66
253 69
254 65
255 67
256 94
257 71
258 105
259 73
260 106
261 102
262 72
263 70
264 71
265 72
266 70
267 71
268 73
269 72
270 92
271 96
272 72
273 72
274 72
275 73
276 75
277 75
278 73
279 71
280 77
281 74
282 80
283 79
284 79
285 74
286 79
287 78
288 83
289 78
290 77
291 92
292 98
293 108
294 81
295 79
296 79
297 103
298 82
299 81
300 81
301 84
302 81
303 87
304 84
305 85
306 86
307 96
308 116
309 108
310 85
311 83
312 83
313 84
314 84
315 84
316 84
317 92
318 86
319 85
320 92
321 87
322 86
323 86
324 88
325 88
326 85
327 86
328 93
329 109
330 88
331 88
332 88
333 86
334 87
335 91
336 92
337 91
338 94
339 120
340 98
341 94
342 95
343 107
344 94
345 118
346 96
347 95
348 94
349 125
350 105
351 107
352 95
353 97
354 111
355 94
356 105
357 96
358 97
359 109
360 96
361 141
362 99
363 97
364 98
365 99
366 102
367 99
368 144
369 111
370 128
371 101
372 108
373 100
374 108
375 103
376 140
377 142
378 106
379 106
380 107
381 109
382 110
383 133
384 165
385 155
386 135
387 248
388 193
389 178
390 153
391 168
392 110
393 111
394 111
395 111
396 109
397 110
398 119
399 140
400 115
401 113
402 111
403 109
404 109
405 112
406 113
407 166
408 205
409 148
410 128
411 165
412 117
413 132
414 145
415 125
416 122
417 122
418 120
419 122
420 122
421 158
422 124
423 128
424 120
425 121
426 128
427 120
428 119
429 138
430 164
431 129
432 147
433 125
434 122
435 126
436 127
437 173
438 191
439 125
440 125
441 147
442 186
443 183
444 184
445 132
446 128
447 127
448 127
449 126
450 125
451 200
452 143
453 148
454 165
455 163
456 173
457 129
458 176
459 134
460 202
461 156
462 192
463 196
464 136
465 140
466 168
467 149
468 187
469 184
470 201
471 199
472 204
473 198
474 218
475 197
476 200
477 196
478 168
479 192
480 204
481 204
482 206
483 198
484 210
485 205
486 205
487 202
488 204
489 203
490 200
491 201
492 202
493 205
494 189
495 198
496 203
497 246
498 209
499 219
500 214
501 203
502 258
503 156
504 152
505 160
506 158
507 221
508 221
509 220
510 155
511 186
512 205
513 164
514 156
515 160
516 165
517 155
518 164
519 173
520 187
521 151
522 152
523 208
524 160
525 222
526 214
527 206
528 168
529 218
530 227
531 151
532 199
533 195
534 201
535 228
536 175
537 211
538 167
539 169
540 188
541 162
542 174
543 228
544 247
545 210
546 220
547 192
548 163
549 209
550 166
551 172
552 165
553 196
554 162
555 213
556 173
557 167
558 166
559 163
560 162
561 169
562 179
563 160
564 164
565 163
566 162
567 173
568 181
569 163
570 196
571 178
572 168
573 169
574 198
575 194
576 179
577 165
578 168
579 192
580 168
581 171
582 168
583 183
584 201
585 201
586 251
587 205
588 204
589 208
590 171
591 172
592 180
593 172
594 175
595 176
596 193
597 175
598 197
599 174
600 178
601 179
602 179
603 192
604 326
605 280
606 260
607 258
608 245
609 251
610 263
611 265
612 269
613 264
614 258
615 264
616 252
617 258
618 267
619 269
620 267
621 265
622 271
623 269
624 267
625 254
626 340
627 271
628 279
629 262
630 250
631 241
632 192
633 258
634 201
635 199
636 221
637 299
638 221
639 222
640 222
641 196
642 228
643 207
644 262
645 292
646 234
647 196
648 194
649 193
650 196
651 205
652 273
653 290
654 358
655 324
656 269
657 252
658 265
659 266
660 207
661 228
662 194
663 212
664 204
665 245
666 254
667 236
668 205
669 205
670 233
671 227
672 209
673 277
674 277
675 303
676 245
677 207
678 208
679 217
680 245
681 248
682 235
683 229
684 236
685 238
686 235
687 251
688 293
689 223
690 242
691 274
692 275
693 243
694 241
695 254
696 282
697 232
698 212
699 215
700 212
701 213
702 216
703 224
704 215
705 247
706 216
707 233
708 213
709 214
710 248
711 217
712 232
713 230
714 218
715 215
716 220
717 254
718 220
719 221
720 219
721 255
722 237
723 255
724 219
725 222
726 220
727 220
728 289
729 224
730 228
731 238
732 226
733 305
734 263
735 221
736 225
737 273
738 222
739 224
740 265
741 237
742 223
743 228
744 224
745 223
746 257
747 288
748 227
749 326
750 226
751 270
752 227
753 228
754 230
755 229
756 227
757 280
758 229
759 231
760 227
761 231
762 266
763 230
764 231
765 235
766 233
767 264
768 235
769 310
770 287
771 267
772 262
773 269
774 237
775 240
776 236
777 244
778 236
779 239
780 241
781 241
782 239
783 273
784 243
785 240
786 241
787 238
788 388
789 241
790 239
791 240
792 240
793 239
794 283
795 241
796 265
797 244
798 239
799 287
800 249
801 246
802 239
803 247
804 246
805 285
806 275
807 249
808 267
809 289
810 248
811 246
812 247
813 249
814 278
815 242
816 272
817 295
818 262
819 280
820 271
821 248
822 248
823 245
824 248
825 248
826 357
827 268
828 249
829 249
830 256
831 391
832 259
833 260
834 373
835 395
836 342
837 339
838 299
839 257
840 255
841 414
842 271
843 259
844 258
845 258
846 258
847 265
848 325
849 346
850 292
851 340
852 363
853 363
854 378
855 347
856 354
857 383
858 349
859 352
860 351
861 371
862 395
863 464
864 510
865 491
866 418
867 419
868 391
869 318
870 332
871 331
872 321
873 260
874 278
875 299
876 282
877 287
878 269
879 471
880 303
881 271
882 284
883 275
884 274
885 273
886 272
887 283
888 287
889 270
890 276
891 301
892 306
893 283
894 286
895 290
896 275
897 284
898 276
899 292
900 278
901 314
902 299
903 306
904 291
905 271
906 286
907 289
908 304
909 315
910 290
911 277
912 282
913 281
914 295
915 283
916 338
917 285
918 289
919 296
920 297
921 295
922 296
923 287
924 286
925 286
926 289
927 286
928 289
929 289
930 290
931 293
932 289
933 290
934 338
935 284
936 282
937 297
938 284
939 315
940 303
941 299
942 299
943 300
944 300
945 300
946 290
947 293
948 295
949 330
950 291
951 292
952 302
953 296
954 305
955 313
956 320
957 306
958 306
959 397
960 306
961 311
962 306
963 309
964 309
965 301
966 300
967 301
968 301
969 311
970 308
971 308
972 310
973 317
974 310
975 307
976 312
977 314
978 314
979 313
980 313
981 330
982 317
983 323
984 323
985 301
986 303
987 305
988 304
989 373
990 300
991 401
992 303
993 306
994 347
995 306
996 306
997 304
998 304
999 307
1000 305
1001 328
1002 295
1003 290
1004 294
1005 360
1006 296
1007 335
1008 297
1009 309
1010 305
1011 356
1012 398
1013 321
1014 319
1015 326
1016 346
1017 308
1018 317
1019 316
1020 317
1021 316
1022 315
1023 312
1024 315
1025 319
1026 313
1027 366
1028 315
1029 313
1030 316
1031 315
1032 316
1033 318
1034 317
1035 314
1036 321
1037 312
1038 314
1039 315
1040 366
1041 332
1042 319
1043 324
1044 326
1045 321
1046 331
1047 327
1048 470
1049 355
1050 320
1051 354
1052 392
1053 318
1054 329
1055 363
1056 358
1057 346
1058 411
1059 388
1060 435
1061 336
1062 338
1063 337
1064 332
1065 324
1066 339
1067 341
1068 339
1069 430
1070 340
1071 340
1072 343
1073 336
1074 418
1075 338
1076 336
1077 336
1078 332
1079 338
1080 337
1081 334
1082 340
1083 333
1084 334
1085 332
1086 409
1087 335
1088 335
1089 336
1090 334
1091 335
1092 336
1093 335
1094 339
1095 368
1096 337
1097 333
1098 461
1099 456
1100 356
1101 347
1102 349
1103 347
1104 343
1105 346
1106 344
1107 372
1108 343
1109 352
1110 351
1111 354
1112 348
1113 351
1114 352
1115 378
1116 335
1117 345
1118 354
1119 350
1120 351
1121 353
1122 354
1123 352
1124 348
1125 349
1126 346
1127 351
1128 474
1129 392
1130 354
1131 458
1132 350
1133 355
1134 356
1135 357
1136 381
1137 347
1138 344
1139 358
1140 358
1141 358
1142 354
1143 352
1144 352
1145 358
1146 360
1147 352
1148 350
1149 391
1150 353
1151 394
1152 445
1153 395
1154 361
1155 499
1156 364
1157 356
1158 403
1159 354
1160 365
1161 358
1162 394
1163 350
1164 469
1165 733
1166 445
1167 417
1168 375
1169 379
1170 367
1171 360
1172 369
1173 401
1174 377
1175 425
1176 466
1177 384
1178 373
1179 368
1180 367
1181 396
1182 372
1183 373
1184 400
1185 378
1186 376
1187 368
1188 520
1189 383
1190 370
1191 378
1192 382
1193 476
1194 385
1195 383
1196 564
1197 400
1198 378
1199 377
1200 377
1201 378
1202 378
1203 379
1204 373
1205 373
1206 387
1207 380
1208 450
1209 462
1210 446
1211 462
1212 427
1213 422
1214 391
1215 386
1216 384
1217 383
1218 380
1219 383
1220 491
1221 386
1222 392
1223 386
1224 391
1225 391
1226 453
1227 390
1228 388
1229 399
1230 383
1231 381
1232 466
1233 419
1234 418
1235 401
1236 393
1237 404
1238 386
1239 648
1240 625
1241 393
1242 497
1243 388
1244 395
1245 398
1246 396
1247 399
1248 398
1249 395
1250 391
1251 389
1252 390
1253 444
1254 398
1255 403
1256 396
1257 398
1258 432
1259 396
1260 387
1261 381
1262 385
1263 386
1264 431
1265 431
1266 560
1267 397
1268 395
1269 404
1270 425
1271 398
1272 409
1273 399
1274 397
1275 390
1276 391
1277 392
1278 407
1279 429
1280 392
1281 431
1282 393
1283 401
1284 432
1285 400
1286 408
1287 406
1288 403
1289 414
1290 393
1291 429
1292 466
1293 399
1294 556
1295 421
1296 412
1297 439
1298 399
1299 415
1300 428
1301 411
1302 423
1303 548
1304 425
1305 420
1306 421
1307 418
1308 434
1309 404
1310 404
1311 411
1312 413
1313 474
1314 406
1315 414
1316 414
1317 421
1318 402
1319 402
1320 412
1321 431
1322 598
1323 429
1324 419
1325 423
1326 419
1327 416
1328 407
1329 410
1330 409
1331 417
1332 416
1333 422
1334 427
1335 421
1336 440
1337 410
1338 416
1339 430
1340 428
1341 436
1342 441
1343 431
1344 422
1345 422
1346 426
1347 455
1348 415
1349 564
1350 429
1351 426
1352 426
1353 629
1354 421
1355 421
1356 420
1357 444
1358 439
1359 563
1360 439
1361 442
1362 437
1363 447
1364 443
1365 435
1366 430
1367 432
1368 534
1369 439
1370 440
1371 463
1372 458
1373 429
1374 436
1375 441
1376 436
1377 444
1378 435
1379 440
1380 555
1381 451
1382 445
1383 446
1384 464
1385 426
1386 434
1387 530
1388 470
1389 439
1390 435
1391 428
1392 464
1393 443
1394 486
1395 440
1396 441
1397 446
1398 451
1399 441
1400 443
1401 455
1402 451
1403 457
1404 455
1405 449
1406 447
1407 452
1408 439
1409 442
1410 459
1411 460
1412 446
1413 443
1414 619
1415 446
1416 460
1417 511
1418 460
1419 463
1420 466
1421 484
1422 575
1423 459
1424 485
1425 447
1426 461
1427 585
1428 440
1429 442
1430 454
1431 470
1432 598
1433 468
1434 473
1435 468
1436 469
1437 466
1438 474
1439 467
1440 469
1441 448
1442 458
1443 460
1444 448
1445 512
1446 468
1447 472
1448 449
1449 450
1450 554
1451 469
1452 583
1453 472
1454 478
1455 486
1456 495
1457 564
1458 471
1459 463
1460 469
1461 464
1462 471
1463 471
1464 538
1465 520
1466 484
1467 482
1468 653
1469 472
1470 483
1471 598
1472 500
1473 515
1474 565
1475 515
1476 492
1477 527
1478 507
1479 495
1480 518
1481 521
1482 488
1483 471
1484 618
1485 512
1486 541
1487 535
1488 490
1489 594
1490 486
1491 615
1492 497
1493 498
1494 606
1495 532
1496 510
1497 507
1498 507
1499 507
1500 523
1501 555
1502 524
1503 521
1504 496
1505 544
1506 501
1507 510
1508 499
1509 501
1510 800
1511 531
1512 510
1513 587
1514 500
1515 514
1516 575
1517 545
1518 509
1519 511
1520 582
1521 504
1522 504
1523 503
1524 583
1525 548
1526 492
1527 552
1528 490
1529 492
1530 505
1531 495
1532 545
1533 492
1534 483
1535 490
1536 491
1537 493
1538 493
1539 483
1540 483
1541 500
1542 507
1543 604
1544 484
1545 509
1546 523
1547 545
1548 501
1549 502
1550 492
1551 501
1552 502
1553 605
1554 500
1555 517
1556 571
1557 510
1558 513
1559 510
1560 716
1561 504
1562 499
1563 500
1564 498
1565 502
1566 622
1567 681
1568 522
1569 628
1570 501
1571 685
1572 501
1573 551
1574 510
1575 513
1576 515
1577 512
1578 524
1579 515
1580 615
1581 521
1582 508
1583 511
1584 540
1585 501
1586 532
1587 513
1588 856
1589 956
1590 551
1591 654
1592 537
1593 545
1594 587
1595 573
1596 546
1597 609
1598 909
1599 543
1600 577
1601 668
1602 650
1603 538
1604 551
1605 549
1606 555
1607 709
1608 762
1609 547
1610 629
1611 554
1612 539
1613 745
1614 555
1615 535
1616 622
1617 600
1618 545
1619 540
1620 533
1621 655
1622 671
1623 553
1624 525
1625 868
1626 613
1627 619
1628 526
1629 529
1630 574
1631 722
1632 543
1633 594
1634 602
1635 559
1636 749
1637 533
1638 536
1639 553
1640 540
1641 651
1642 563
1643 570
1644 538
1645 635
1646 536
1647 538
1648 675
1649 547
1650 551
1651 727
1652 641
1653 701
1654 553
1655 557
1656 562
1657 578
1658 618
1659 564
1660 561
1661 545
1662 532
1663 536
1664 755
1665 703
1666 556
1667 592
1668 530
1669 544
1670 544
1671 544
1672 530
1673 528
1674 529
1675 528
1676 623
1677 538
1678 613
1679 532
1680 536
1681 539
1682 576
1683 535
1684 546
1685 536
1686 606
1687 542
1688 547
1689 539
1690 558
1691 544
1692 539
1693 642
1694 581
1695 542
1696 563
1697 557
1698 540
1699 547
1700 774
1701 552
1702 554
1703 546
1704 654
1705 547
1706 553
1707 762
1708 546
1709 878
1710 562
1711 557
1712 562
1713 570
1714 553
1715 542
1716 572
1717 560
1718 565
1719 582
1720 640
1721 564
1722 680
1723 582
1724 618
1725 718
1726 704
1727 586
1728 586
1729 750
1730 630
1731 634
1732 692
1733 573
1734 593
1735 600
1736 634
1737 598
1738 594
1739 765
1740 731
1741 680
1742 580
1743 963
1744 683
1745 631
1746 605
1747 599
1748 588
1749 588
1750 1107
1751 711
1752 594
1753 589
1754 716
1755 728
1756 612
1757 757
1758 599
1759 928
1760 710
1761 614
1762 812
1763 600
1764 614
1765 593
1766 617
1767 609
1768 622
1769 601
1770 634
1771 696
1772 610
1773 784
1774 606
1775 746
1776 600
1777 605
1778 1387
1779 626
1780 606
1781 662
1782 626
1783 648
1784 632
1785 601
1786 572
1787 585
1788 579
1789 589
1790 592
1791 593
1792 1078
1793 574
1794 574
1795 585
1796 586
1797 667
1798 592
1799 590
1800 605
1801 603
1802 631
1803 632
1804 603
1805 586
1806 782
1807 609
1808 628
1809 915
1810 729
1811 604
1812 602
1813 609
1814 612
1815 637
1816 599
1817 596
1818 598
1819 625
1820 590
1821 589
1822 771
1823 988
1824 911
1825 661
1826 663
1827 697
1828 618
1829 623
1830 638
1831 758
1832 825
1833 620
1834 944
1835 655
1836 770
1837 623
1838 646
1839 971
1840 847
1841 908
1842 920
1843 909
1844 906
1845 1111
1846 765
1847 751
1848 699
1849 639
1850 866
1851 702
1852 832
1853 1034
1854 740
1855 640
1856 749
1857 636
1858 679
1859 628
1860 642
1861 624
1862 619
1863 768
1864 639
1865 812
1866 635
1867 751
1868 758
1869 800
1870 649
1871 990
1872 643
1873 689
1874 628
1875 638
1876 628
1877 628
1878 605
1879 753
1880 684
1881 630
1882 630
1883 624
1884 631
1885 634
1886 633
1887 627
1888 622
1889 615
1890 612
1891 621
1892 633
1893 623
1894 632
1895 633
1896 609
1897 628
1898 627
1899 636
1900 808
1901 720
1902 643
1903 698
1904 699
1905 813
1906 649
1907 810
1908 820
1909 654
1910 787
1911 787
1912 728
1913 698
1914 783
1915 658
1916 716
1917 827
1918 677
1919 809
1920 727
1921 905
1922 704
1923 665
1924 718
1925 681
1926 662
1927 700
1928 967
1929 785
1930 676
1931 714
1932 721
1933 628
1934 629
1935 647
1936 632
1937 633
1938 619
1939 623
1940 627
1941 632
1942 628
1943 633
1944 632
1945 620
1946 627
1947 638
1948 633
1949 637
1950 641
1951 638
1952 657
1953 655
1954 637
1955 637
1956 636
1957 676
1958 632
1959 793
1960 638
1961 641
1962 641
1963 641
1964 644
1965 644
1966 643
1967 647
1968 646
1969 698
1970 671
1971 907
1972 642
1973 655
1974 649
1975 639
1976 641
1977 657
1978 659
1979 653
1980 652
1981 640
1982 724
1983 686
1984 645
1985 657
1986 733
1987 695
1988 695
1989 683
1990 665
1991 809
1992 659
1993 655
1994 682
1995 646
1996 654
1997 651
1998 651
1999 647
2000 707
2001 732
2002 722
2003 951
2004 724
2005 716
2006 753
2007 983
2008 892
2009 869
2010 1063
2011 1015
2012 1166
2013 1022
2014 1010
2015 1065
2016 1004
2017 901
2018 1068
2019 916
2020 1182
2021 970
2022 973
2023 818
2024 991
2025 806
2026 1018
2027 730
2028 1087
2029 878
2030 933
2031 869
2032 768
2033 769
2034 870
2035 715
2036 721
2037 709
2038 694
2039 773
2040 1005
2041 1015
2042 999
2043 1045
2044 1040
2045 1167
2046 1045
2047 1130
2048 1138
2049 1130
2050 1108
2051 1036
2052 965
2053 1108
2054 698
2055 804
2056 861
2057 753
2058 758
2059 811
2060 740
2061 827
2062 731
2063 741
2064 780
2065 826
2066 734
2067 850
2068 749
2069 913
2070 766
2071 725
2072 895
2073 768
2074 724
2075 881
2076 726
2077 737
2078 807
2079 778
2080 726
2081 782
2082 825
2083 896
2084 1040
2085 926
2086 693
2087 775
2088 692
2089 849
2090 733
2091 832
2092 783
2093 942
2094 713
2095 709
2096 718
2097 719
2098 791
2099 694
2100 793
2101 989
2102 958
2103 1074
2104 1053
2105 1052
2106 1041
2107 1099
2108 724
2109 705
2110 746
2111 707
2112 715
2113 719
2114 708
2115 713
2116 709
2117 711
2118 749
2119 719
2120 727
2121 724
2122 711
2123 712
2124 818
2125 731
2126 731
2127 713
2128 719
2129 724
2130 725
2131 710
2132 769
2133 723
2134 775
2135 723
2136 719
2137 736
2138 718
2139 942
2140 867
2141 731
2142 710
2143 723
2144 718
2145 707
2146 698
2147 704
2148 705
2149 777
2150 862
2151 725
2152 711
2153 738
2154 706
2155 715
2156 743
2157 701
2158 702
2159 709
2160 718
2161 725
2162 722
2163 724
2164 710
2165 719
2166 719
2167 802
2168 733
2169 748
2170 1259
2171 736
2172 735
2173 768
2174 1116
2175 754
2176 1282
2177 737
2178 887
2179 941
2180 730
2181 767
2182 854
2183 938
2184 738
2185 801
2186 746
2187 739
2188 745
2189 818
2190 802
2191 907
2192 777
2193 784
2194 856
2195 744
2196 730
2197 739
2198 790
2199 917
2200 753
2201 752
2202 750
2203 752
2204 750
2205 744
2206 749
2207 743
2208 736
2209 735
2210 766
2211 720
2212 724
2213 726
2214 731
2215 726
2216 735
2217 734
2218 728
2219 730
2220 723
2221 725
2222 732
2223 742
2224 742
2225 745
2226 733
2227 736
2228 741
2229 740
2230 736
2231 750
2232 742
2233 885
2234 741
2235 737
2236 754
2237 751
2238 753
2239 753
2240 751
2241 754
2242 746
2243 740
2244 997
2245 757
2246 743
2247 759
2248 743
2249 744
2250 801
2251 750
2252 752
2253 745
2254 755
2255 747
2256 751
2257 751
2258 750
2259 964
2260 769
2261 773
2262 759
2263 761
2264 752
2265 757
2266 760
2267 754
2268 794
2269 755
2270 753
2271 751
2272 759
2273 762
2274 764
2275 763
2276 758
2277 754
2278 764
2279 763
2280 863
2281 901
2282 754
2283 761
2284 758
2285 764
2286 759
2287 762
2288 776
2289 767
2290 754
2291 755
2292 757
2293 758
2294 869
2295 760
2296 766
2297 847
2298 860
2299 757
2300 762
2301 764
2302 896
2303 768
2304 769
2305 768
2306 915
2307 762
2308 769
2309 762
2310 840
2311 857
2312 769
2313 772
2314 765
2315 975
2316 774
2317 765
2318 770
2319 927
2320 761
2321 757
2322 759
2323 868
2324 779
2325 773
2326 771
2327 768
2328 896
2329 788
2330 789
2331 846
2332 773
2333 755
2334 767
2335 764
2336 772
2337 801
2338 774
2339 774
2340 774
2341 869
2342 767
2343 758
2344 844
2345 792
2346 845
2347 798
2348 773
2349 774
2350 772
2351 768
2352 886
2353 773
2354 775
2355 768
2356 768
2357 882
2358 771
2359 802
2360 789
2361 777
2362 830
2363 772
2364 774
2365 816
2366 804
2367 921
2368 775
2369 793
2370 782
2371 923
2372 785
2373 787
2374 858
2375 773
2376 866
2377 780
2378 783
2379 787
2380 782
2381 793
2382 785
2383 793
2384 776
2385 794
2386 789
2387 777
2388 782
2389 920
2390 794
2391 937
2392 791
2393 836
2394 797
2395 782
2396 785
2397 796
2398 792
2399 921
2400 787
2401 791
2402 795
2403 784
2404 869
2405 847
2406 797
2407 787
2408 792
2409 794
2410 789
2411 792
2412 787
2413 825
2414 786
2415 793
2416 792
2417 790
2418 802
2419 1312
2420 906
2421 839
2422 841
2423 827
2424 802
2425 804
2426 802
2427 794
2428 798
2429 796
2430 804
2431 946
2432 917
2433 924
2434 817
2435 782
2436 788
2437 805
2438 808
2439 846
2440 847
2441 804
2442 813
2443 793
2444 795
2445 795
2446 808
2447 1953
2448 892
2449 812
2450 816
2451 907
2452 810
2453 814
2454 803
2455 814
2456 814
2457 812
2458 817
2459 819
2460 818
2461 820
2462 822
2463 822
2464 819
2465 817
2466 823
2467 824
2468 819
2469 826
2470 822
2471 809
2472 821
2473 923
2474 853
2475 831
2476 829
2477 841
2478 909
2479 843
2480 887
2481 824
2482 830
2483 827
2484 829
2485 882
2486 817
2487 832
2488 831
2489 822
2490 821
2491 811
2492 813
2493 829
2494 834
2495 835
2496 826
2497 834
2498 832
2499 819
2500 991
2501 843
2502 840
2503 833
2504 842
2505 838
2506 822
2507 839
2508 825
2509 837
2510 838
2511 837
2512 834
2513 832
2514 964
2515 1101
2516 884
2517 1223
2518 855
2519 827
2520 823
2521 830
2522 822
2523 826
2524 831
2525 833
2526 824
2527 833
2528 826
2529 836
2530 829
2531 837
2532 833
2533 838
2534 830
2535 843
2536 838
2537 918
2538 852
2539 912
2540 838
2541 846
2542 941
2543 879
2544 856
2545 858
2546 858
2547 995
2548 906
2549 844
2550 844
2551 854
2552 863
2553 861
2554 864
2555 1068
2556 1008
2557 883
2558 1025
2559 869
2560 882
2561 873
2562 1213
2563 975
2564 868
2565 862
2566 877
2567 866
2568 864
2569 867
2570 874
2571 853
2572 868
2573 916
2574 864
2575 862
2576 865
2577 890
2578 903
2579 872
2580 862
2581 859
2582 853
2583 859
2584 864
2585 877
2586 869
2587 869
2588 870
2589 879
2590 882
2591 870
2592 872
2593 976
2594 1030
2595 903
2596 2111
2597 966
2598 878
2599 879
2600 868
2601 868
2602 880
2603 868
2604 883
2605 959
2606 880
2607 887
2608 870
2609 864
2610 885
2611 886
2612 875
2613 903
2614 871
2615 869
2616 867
2617 897
2618 874
2619 882
2620 870
2621 885
2622 874
2623 884
2624 886
2625 870
2626 875
2627 880
2628 884
2629 875
2630 891
2631 920
2632 888
2633 890
2634 876
2635 882
2636 874
2637 890
2638 876
2639 878
2640 884
2641 1248
2642 910
2643 886
2644 884
2645 892
2646 886
2647 908
2648 886
2649 882
2650 887
2651 883
2652 882
2653 880
2654 889
2655 878
2656 886
2657 882
2658 877
2659 883
2660 880
2661 891
2662 894
2663 891
2664 884
2665 883
2666 892
2667 978
2668 895
2669 1263
2670 940
2671 950
2672 933
2673 893
2674 886
2675 902
2676 898
2677 904
2678 897
2679 902
2680 892
2681 1074
2682 1102
2683 886
2684 894
2685 884
2686 902
2687 890
2688 889
2689 893
2690 896
2691 899
2692 1009
2693 898
2694 899
2695 898
2696 884
2697 901
2698 896
2699 1192
2700 910
2701 947
2702 894
2703 912
2704 926
2705 928
2706 904
2707 900
2708 1041
2709 888
2710 893
2711 898
2712 904
2713 897
2714 893
2715 890
2716 896
2717 1130
2718 943
2719 956
2720 894
2721 985
2722 895
2723 909
2724 903
2725 948
2726 903
2727 900
2728 922
2729 905
2730 917
2731 894
2732 903
2733 917
2734 901
2735 914
2736 891
2737 915
2738 1252
2739 983
2740 912
2741 919
2742 914
2743 926
2744 919
2745 917
2746 915
2747 916
2748 908
2749 909
2750 960
2751 918
2752 917
2753 923
2754 926
2755 932
2756 1082
2757 1292
2758 928
2759 1098
2760 931
2761 946
2762 931
2763 1965
2764 950
2765 929
2766 925
2767 915
2768 921
2769 965
2770 1471
2771 952
2772 936
2773 1627
2774 963
2775 1028
2776 961
2777 959
2778 946
2779 978
2780 970
2781 937
2782 936
2783 934
2784 944
2785 939
2786 939
2787 940
2788 939
2789 923
2790 960
2791 938
2792 926
2793 934
2794 1447
2795 1073
2796 969
2797 960
2798 957
2799 1086
2800 936
2801 938
2802 932
2803 932
2804 940
2805 932
2806 938
2807 941
2808 937
2809 938
2810 939
2811 941
2812 945
2813 1067
2814 937
2815 938
2816 935
2817 929
2818 935
2819 964
2820 961
2821 1396
2822 957
2823 1170
2824 968
2825 974
2826 946
2827 947
2828 947
2829 953
2830 956
2831 963
2832 979
2833 956
2834 947
2835 950
2836 980
2837 972
2838 1000
2839 955
2840 965
2841 986
2842 955
2843 952
2844 939
2845 957
2846 952
2847 949
2848 1023
2849 953
2850 958
2851 941
2852 953
2853 951
2854 950
2855 951
2856 954
2857 953
2858 966
2859 990
2860 1445
2861 972
2862 955
2863 965
2864 954
2865 955
2866 976
2867 971
2868 965
2869 954
2870 960
2871 1088
2872 1107
2873 955
2874 974
2875 966
2876 965
2877 976
2878 972
2879 970
2880 970
2881 969
2882 976
2883 970
2884 971
2885 975
2886 980
2887 1021
2888 981
2889 988
2890 978
2891 1006
2892 1037
2893 1039
2894 1297
2895 975
2896 989
2897 980
2898 984
2899 969
2900 1111
2901 1001
2902 1035
2903 1213
2904 1051
2905 1057
2906 1040
2907 1071
2908 1036
2909 1038
2910 1034
2911 1040
2912 1041
2913 1033
2914 1045
2915 1097
2916 1078
2917 1019
2918 1016
2919 1014
2920 1126
2921 1289
2922 1166
2923 1026
2924 1600
2925 987
2926 1032
2927 1035
2928 1240
2929 1022
2930 1059
2931 1016
2932 1023
2933 1036
2934 1035
2935 984
2936 1399
2937 1338
2938 1555
2939 1002
2940 1158
2941 1021
2942 990
2943 1020
2944 998
2945 1008
2946 1001
2947 991
2948 997
2949 1001
2950 1006
2951 1011
2952 1006
2953 1011
2954 998
2955 998
2956 1006
2957 1400
2958 1191
2959 1186
2960 1036
2961 1117
2962 1035
2963 997
2964 1001
2965 1001
2966 991
2967 1002
2968 1008
2969 996
2970 997
2971 990
2972 1009
2973 1010
2974 1013
2975 1017
2976 1001
2977 999
2978 1011
2979 1097
2980 1012
2981 1095
2982 1016
2983 1017
2984 1425
2985 1060
2986 1029
2987 1033
2988 1028
2989 1028
2990 1031
2991 1075
2992 1038
2993 1021
2994 1071
2995 1052
2996 1258
2997 1061
2998 1022
2999 1034
