0 1
1 4
2 1
3 1
4 1
5 0
6 2
7 2
8 2
9 2
10 3
11 2
12 1
13 1
14 1
15 2
16 2
17 3
18 2
19 4
20 4
21 4
22 4
23 5
24 4
25 5
26 5
27 5
28 5
29 5
30 6
31 5
32 5
33 5
34 5
35 7
36 6
37 6
38 10
39 6
40 7
41 6
42 7
43 7
44 7
45 7
46 6
47 6
48 5
49 8
50 8
51 7
52 8
53 6
54 24
55 5
56 9
57 7
58 6
59 9
60 9
61 9
62 8
63 7
64 7
65 9
66 8
67 8
68 8
69 7
70 7
71 9
72 11
73 9
74 12
75 12
76 11
77 12
78 13
79 12
80 12
81 14
82 10
83 13
84 23
85 23
86 9
87 8
88 10
89 9
90 13
91 13
92 17
93 10
94 13
95 10
96 18
97 11
98 20
99 13
100 18
101 15
102 16
103 13
104 15
105 15
106 45
107 16
108 17
109 19
110 49
111 15
112 22
113 17
114 15
115 14
116 15
117 14
118 16
119 14
120 13
121 13
122 13
123 12
124 13
125 13
126 35
127 13
128 19
129 20
130 18
131 16
132 16
133 21
134 15
135 20
136 21
137 14
138 18
139 14
140 14
141 16
142 65
143 21
144 20
145 19
146 21
147 17
148 16
149 37
150 20
151 22
152 16
153 23
154 16
155 18
156 17
157 16
158 23
159 19
160 31
161 20
162 29
163 17
164 18
165 18
166 18
167 17
168 19
169 19
170 19
171 25
172 17
173 26
174 28
175 20
176 20
177 27
178 19
179 19
180 19
181 19
182 19
183 20
184 43
185 26
186 21
187 20
188 20
189 28
190 23
191 38
192 25
193 25
194 20
195 21
196 36
197 24
198 22
199 24
200 25
201 31
202 31
203 22
204 23
205 24
206 25
207 23
208 22
209 31
210 29
211 29
212 37
213 30
214 25
215 30
216 24
217 22
218 24
219 24
220 40
221 22
222 25
223 25
224 23
225 23
226 23
227 25
228 24
229 24
230 26
231 35
232 38
233 25
234 33
235 29
236 24
237 26
238 25
239 30
240 27
241 26
242 26
243 27
244 52
245 36
246 35
247 26
248 25
249 26
250 26
251 28
252 28
253 27
254 27
255 26
256 28
257 30
258 29
259 27
260 49
261 39
262 28
263 30
264 29
265 28
266 29
267 28
268 30
269 45
270 37
271 37
272 29
273 30
274 28
275 47
276 30
277 31
278 29
279 30
280 31
281 31
282 33
283 33
284 31
285 31
286 30
287 31
288 32
289 32
290 32
291 33
292 33
293 33
294 33
295 31
296 44
297 32
298 31
299 33
300 32
301 33
302 33
303 35
304 34
305 33
306 33
307 34
308 50
309 40
310 33
311 33
312 33
313 35
314 35
315 33
316 34
317 35
318 36
319 34
320 34
321 34
322 34
323 34
324 35
325 34
326 36
327 35
328 38
329 37
330 35
331 37
332 36
333 37
334 39
335 36
336 36
337 48
338 42
339 41
340 38
341 38
342 36
343 40
344 38
345 40
346 38
347 38
348 38
349 55
350 39
351 37
352 38
353 38
354 43
355 42
356 38
357 52
358 39
359 40
360 40
361 41
362 39
363 38
364 38
365 39
366 40
367 40
368 53
369 40
370 40
371 40
372 41
373 53
374 41
375 41
376 58
377 42
378 54
379 42
380 62
381 41
382 41
383 43
384 43
385 63
386 50
387 78
388 81
389 68
390 45
391 59
392 44
393 43
394 42
395 43
396 43
397 43
398 52
399 46
400 44
401 44
402 45
403 50
404 42
405 45
406 72
407 83
408 45
409 73
410 66
411 50
412 44
413 65
414 49
415 48
416 44
417 46
418 47
419 45
420 46
421 48
422 49
423 47
424 47
425 48
426 47
427 47
428 49
429 77
430 47
431 52
432 50
433 49
434 47
435 48
436 47
437 62
438 70
439 48
440 49
441 48
442 49
443 61
444 54
445 49
446 59
447 48
448 48
449 50
450 53
451 67
452 67
453 51
454 48
455 88
456 48
457 59
458 51
459 61
460 87
461 67
462 53
463 70
464 53
465 50
466 53
467 111
468 69
469 70
470 74
471 70
472 75
473 73
474 76
475 79
476 72
477 71
478 74
479 74
480 74
481 80
482 76
483 76
484 80
485 80
486 81
487 74
488 77
489 75
490 74
491 75
492 80
493 82
494 73
495 79
496 77
497 84
498 77
499 74
500 77
501 78
502 73
503 63
504 55
505 65
506 58
507 61
508 83
509 111
510 64
511 62
512 76
513 67
514 57
515 66
516 80
517 60
518 93
519 89
520 59
521 59
522 59
523 81
524 80
525 78
526 77
527 79
528 72
529 100
530 79
531 58
532 60
533 59
534 74
535 78
536 59
537 62
538 59
539 70
540 79
541 60
542 61
543 61
544 61
545 60
546 72
547 60
548 62
549 63
550 61
551 62
552 62
553 73
554 61
555 78
556 65
557 61
558 60
559 61
560 61
561 63
562 65
563 62
564 62
565 65
566 65
567 76
568 66
569 63
570 63
571 62
572 114
573 66
574 62
575 62
576 64
577 66
578 65
579 67
580 66
581 64
582 67
583 73
584 63
585 100
586 66
587 104
588 65
589 101
590 98
591 66
592 66
593 66
594 80
595 67
596 67
597 68
598 68
599 69
600 69
601 83
602 69
603 68
604 89
605 91
606 95
607 95
608 89
609 102
610 98
611 97
612 100
613 98
614 96
615 94
616 94
617 97
618 101
619 103
620 104
621 102
622 104
623 103
624 102
625 99
626 99
627 95
628 142
629 99
630 67
631 71
632 73
633 97
634 109
635 100
636 70
637 74
638 70
639 70
640 70
641 100
642 71
643 70
644 71
645 71
646 75
647 73
648 84
649 74
650 73
651 73
652 73
653 103
654 96
655 149
656 97
657 99
658 96
659 99
660 78
661 76
662 74
663 76
664 75
665 84
666 75
667 74
668 75
669 84
670 80
671 87
672 75
673 97
674 74
675 110
676 77
677 137
678 78
679 84
680 108
681 83
682 79
683 75
684 75
685 102
686 77
687 98
688 75
689 76
690 79
691 113
692 105
693 77
694 159
695 99
696 81
697 83
698 78
699 78
700 108
701 98
702 80
703 87
704 82
705 85
706 85
707 113
708 83
709 82
710 88
711 106
712 103
713 86
714 80
715 80
716 116
717 88
718 82
719 84
720 81
721 110
722 84
723 86
724 82
725 82
726 84
727 83
728 102
729 82
730 90
731 87
732 85
733 116
734 95
735 85
736 84
737 85
738 118
739 87
740 90
741 100
742 90
743 84
744 87
745 88
746 88
747 92
748 86
749 86
750 84
751 91
752 86
753 107
754 86
755 92
756 90
757 108
758 87
759 87
760 88
761 90
762 110
763 93
764 90
765 99
766 90
767 97
768 88
769 126
770 87
771 110
772 109
773 106
774 88
775 88
776 87
777 101
778 92
779 90
780 90
781 90
782 88
783 97
784 92
785 91
786 91
787 90
788 143
789 94
790 92
791 90
792 90
793 92
794 100
795 91
796 97
797 92
798 93
799 100
800 94
801 96
802 93
803 94
804 93
805 102
806 93
807 103
808 93
809 97
810 113
811 108
812 102
813 94
814 96
815 94
816 115
817 111
818 97
819 118
820 127
821 97
822 95
823 93
824 97
825 104
826 105
827 96
828 96
829 98
830 94
831 125
832 98
833 97
834 153
835 135
836 136
837 147
838 100
839 99
840 98
841 138
842 102
843 100
844 154
845 99
846 98
847 102
848 171
849 117
850 132
851 154
852 133
853 131
854 134
855 130
856 160
857 131
858 129
859 127
860 129
861 166
862 153
863 129
864 179
865 139
866 148
867 149
868 139
869 130
870 114
871 114
872 105
873 118
874 116
875 179
876 151
877 131
878 119
879 168
880 126
881 118
882 118
883 101
884 147
885 103
886 102
887 118
888 137
889 104
890 120
891 141
892 127
893 137
894 122
895 107
896 103
897 106
898 104
899 139
900 137
901 145
902 163
903 123
904 124
905 122
906 122
907 136
908 122
909 122
910 122
911 106
912 108
913 106
914 107
915 107
916 111
917 110
918 110
919 119
920 124
921 125
922 124
923 108
924 106
925 126
926 107
927 107
928 108
929 108
930 108
931 109
932 108
933 108
934 124
935 143
936 147
937 124
938 127
939 149
940 144
941 127
942 124
943 127
944 128
945 125
946 108
947 110
948 115
949 110
950 109
951 136
952 112
953 110
954 144
955 145
956 112
957 112
958 144
959 127
960 155
961 147
962 162
963 150
964 150
965 120
966 114
967 116
968 117
969 152
970 166
971 150
972 149
973 149
974 131
975 147
976 145
977 148
978 147
979 131
980 148
981 117
982 153
983 195
984 156
985 192
986 112
987 113
988 120
989 115
990 115
991 121
992 119
993 197
994 117
995 116
996 123
997 121
998 119
999 119
1000 119
1001 115
1002 116
1003 116
1004 117
1005 265
1006 118
1007 116
1008 137
1009 250
1010 116
1011 202
1012 229
1013 120
1014 131
1015 123
1016 121
1017 120
1018 199
1019 124
1020 119
1021 123
1022 123
1023 121
1024 122
1025 118
1026 116
1027 117
1028 119
1029 168
1030 122
1031 119
1032 117
1033 116
1034 115
1035 120
1036 125
1037 119
1038 121
1039 119
1040 140
1041 123
1042 122
1043 117
1044 121
1045 118
1046 120
1047 119
1048 119
1049 116
1050 117
1051 119
1052 128
1053 119
1054 154
1055 157
1056 157
1057 119
1058 171
1059 171
1060 133
1061 123
1062 129
1063 157
1064 158
1065 122
1066 125
1067 129
1068 124
1069 133
1070 126
1071 123
1072 122
1073 125
1074 126
1075 124
1076 125
1077 126
1078 125
1079 124
1080 125
1081 122
1082 129
1083 127
1084 124
1085 123
1086 126
1087 124
1088 121
1089 126
1090 162
1091 124
1092 190
1093 125
1094 156
1095 122
1096 123
1097 122
1098 125
1099 128
1100 124
1101 125
1102 123
1103 125
1104 124
1105 126
1106 124
1107 128
1108 175
1109 186
1110 126
1111 128
1112 126
1113 129
1114 126
1115 123
1116 124
1117 125
1118 128
1119 128
1120 127
1121 130
1122 126
1123 127
1124 125
1125 281
1126 126
1127 127
1128 129
1129 128
1130 130
1131 132
1132 129
1133 130
1134 131
1135 128
1136 126
1137 128
1138 127
1139 133
1140 131
1141 129
1142 130
1143 126
1144 287
1145 130
1146 135
1147 130
1148 129
1149 130
1150 128
1151 192
1152 129
1153 129
1154 131
1155 190
1156 134
1157 131
1158 131
1159 131
1160 134
1161 131
1162 320
1163 136
1164 140
1165 219
1166 145
1167 179
1168 148
1169 140
1170 142
1171 136
1172 140
1173 136
1174 137
1175 141
1176 147
1177 138
1178 139
1179 136
1180 137
1181 142
1182 142
1183 140
1184 138
1185 137
1186 139
1187 150
1188 162
1189 147
1190 138
1191 144
1192 142
1193 143
1194 144
1195 145
1196 146
1197 140
1198 141
1199 142
1200 141
1201 141
1202 140
1203 147
1204 139
1205 228
1206 142
1207 195
1208 147
1209 141
1210 145
1211 150
1212 146
1213 151
1214 141
1215 144
1216 145
1217 147
1218 141
1219 141
1220 151
1221 142
1222 147
1223 143
1224 189
1225 143
1226 144
1227 146
1228 147
1229 141
1230 139
1231 159
1232 182
1233 160
1234 143
1235 149
1236 143
1237 141
1238 139
1239 182
1240 214
1241 147
1242 254
1243 152
1244 144
1245 147
1246 190
1247 147
1248 149
1249 193
1250 149
1251 146
1252 148
1253 149
1254 146
1255 147
1256 146
1257 148
1258 147
1259 145
1260 142
1261 149
1262 149
1263 146
1264 163
1265 148
1266 148
1267 150
1268 147
1269 150
1270 218
1271 146
1272 206
1273 150
1274 166
1275 147
1276 146
1277 337
1278 146
1279 146
1280 145
1281 146
1282 152
1283 153
1284 147
1285 151
1286 208
1287 150
1288 150
1289 147
1290 148
1291 148
1292 198
1293 184
1294 154
1295 154
1296 157
1297 148
1298 171
1299 152
1300 153
1301 149
1302 152
1303 200
1304 152
1305 153
1306 152
1307 154
1308 196
1309 310
1310 148
1311 156
1312 157
1313 208
1314 149
1315 150
1316 152
1317 155
1318 150
1319 151
1320 151
1321 154
1322 158
1323 157
1324 157
1325 155
1326 154
1327 153
1328 153
1329 154
1330 152
1331 170
1332 156
1333 151
1334 155
1335 156
1336 156
1337 217
1338 155
1339 158
1340 160
1341 161
1342 163
1343 158
1344 213
1345 159
1346 159
1347 157
1348 188
1349 154
1350 158
1351 155
1352 154
1353 156
1354 155
1355 193
1356 154
1357 160
1358 206
1359 158
1360 164
1361 215
1362 202
1363 160
1364 163
1365 240
1366 159
1367 159
1368 166
1369 162
1370 235
1371 154
1372 198
1373 235
1374 159
1375 183
1376 163
1377 162
1378 163
1379 165
1380 162
1381 166
1382 161
1383 161
1384 161
1385 159
1386 193
1387 212
1388 192
1389 156
1390 161
1391 159
1392 157
1393 161
1394 182
1395 174
1396 224
1397 163
1398 165
1399 295
1400 232
1401 162
1402 165
1403 164
1404 166
1405 165
1406 166
1407 164
1408 162
1409 218
1410 167
1411 169
1412 162
1413 163
1414 161
1415 162
1416 170
1417 168
1418 166
1419 169
1420 169
1421 165
1422 173
1423 169
1424 180
1425 162
1426 167
1427 169
1428 203
1429 166
1430 223
1431 167
1432 170
1433 196
1434 245
1435 174
1436 172
1437 171
1438 174
1439 168
1440 169
1441 162
1442 166
1443 173
1444 166
1445 165
1446 171
1447 174
1448 215
1449 167
1450 171
1451 242
1452 219
1453 172
1454 266
1455 174
1456 167
1457 177
1458 173
1459 174
1460 179
1461 174
1462 172
1463 235
1464 182
1465 193
1466 175
1467 179
1468 242
1469 172
1470 181
1471 198
1472 179
1473 178
1474 210
1475 179
1476 184
1477 181
1478 186
1479 178
1480 180
1481 185
1482 181
1483 174
1484 236
1485 183
1486 181
1487 188
1488 179
1489 179
1490 178
1491 251
1492 184
1493 182
1494 214
1495 180
1496 181
1497 192
1498 183
1499 179
1500 179
1501 244
1502 211
1503 184
1504 183
1505 196
1506 182
1507 183
1508 180
1509 187
1510 253
1511 184
1512 188
1513 192
1514 182
1515 181
1516 186
1517 205
1518 183
1519 181
1520 186
1521 194
1522 185
1523 186
1524 233
1525 179
1526 186
1527 250
1528 179
1529 181
1530 182
1531 179
1532 180
1533 180
1534 264
1535 177
1536 177
1537 180
1538 178
1539 177
1540 180
1541 186
1542 235
1543 211
1544 180
1545 183
1546 176
1547 178
1548 182
1549 186
1550 210
1551 178
1552 186
1553 267
1554 181
1555 183
1556 202
1557 182
1558 188
1559 182
1560 186
1561 184
1562 187
1563 185
1564 181
1565 215
1566 184
1567 187
1568 184
1569 193
1570 188
1571 334
1572 180
1573 214
1574 186
1575 253
1576 186
1577 187
1578 229
1579 186
1580 184
1581 195
1582 198
1583 187
1584 189
1585 184
1586 231
1587 186
1588 315
1589 324
1590 282
1591 192
1592 196
1593 194
1594 217
1595 224
1596 194
1597 222
1598 240
1599 232
1600 314
1601 216
1602 272
1603 194
1604 198
1605 197
1606 197
1607 279
1608 383
1609 195
1610 271
1611 194
1612 192
1613 212
1614 198
1615 216
1616 219
1617 208
1618 195
1619 189
1620 193
1621 212
1622 201
1623 200
1624 198
1625 202
1626 348
1627 223
1628 197
1629 264
1630 224
1631 197
1632 195
1633 254
1634 213
1635 204
1636 290
1637 199
1638 200
1639 232
1640 233
1641 204
1642 201
1643 201
1644 196
1645 200
1646 197
1647 195
1648 263
1649 217
1650 201
1651 202
1652 247
1653 236
1654 207
1655 204
1656 205
1657 234
1658 246
1659 204
1660 202
1661 212
1662 361
1663 197
1664 232
1665 267
1666 202
1667 354
1668 248
1669 203
1670 201
1671 203
1672 287
1673 194
1674 197
1675 193
1676 198
1677 194
1678 197
1679 195
1680 280
1681 198
1682 231
1683 199
1684 201
1685 198
1686 234
1687 197
1688 200
1689 196
1690 199
1691 198
1692 198
1693 198
1694 235
1695 198
1696 205
1697 204
1698 198
1699 195
1700 308
1701 203
1702 201
1703 202
1704 249
1705 201
1706 205
1707 207
1708 205
1709 408
1710 281
1711 202
1712 207
1713 202
1714 202
1715 206
1716 212
1717 203
1718 214
1719 234
1720 246
1721 209
1722 234
1723 213
1724 214
1725 311
1726 258
1727 214
1728 214
1729 253
1730 245
1731 211
1732 330
1733 208
1734 212
1735 212
1736 241
1737 214
1738 291
1739 213
1740 224
1741 278
1742 218
1743 249
1744 233
1745 215
1746 340
1747 216
1748 217
1749 215
1750 285
1751 231
1752 212
1753 215
1754 256
1755 233
1756 213
1757 280
1758 219
1759 284
1760 215
1761 293
1762 226
1763 222
1764 233
1765 219
1766 273
1767 216
1768 249
1769 215
1770 275
1771 267
1772 217
1773 270
1774 266
1775 308
1776 218
1777 268
1778 337
1779 360
1780 216
1781 223
1782 221
1783 338
1784 250
1785 218
1786 210
1787 214
1788 210
1789 222
1790 217
1791 214
1792 248
1793 208
1794 244
1795 244
1796 208
1797 247
1798 213
1799 216
1800 251
1801 214
1802 218
1803 218
1804 216
1805 222
1806 216
1807 223
1808 224
1809 283
1810 221
1811 218
1812 221
1813 216
1814 289
1815 250
1816 326
1817 216
1818 219
1819 222
1820 216
1821 231
1822 329
1823 318
1824 261
1825 229
1826 253
1827 231
1828 223
1829 244
1830 227
1831 228
1832 229
1833 226
1834 302
1835 264
1836 229
1837 232
1838 320
1839 226
1840 229
1841 327
1842 335
1843 310
1844 302
1845 418
1846 299
1847 244
1848 242
1849 228
1850 281
1851 226
1852 224
1853 282
1854 228
1855 285
1856 313
1857 274
1858 283
1859 248
1860 251
1861 228
1862 232
1863 236
1864 238
1865 264
1866 237
1867 252
1868 235
1869 231
1870 275
1871 230
1872 225
1873 235
1874 234
1875 338
1876 239
1877 243
1878 228
1879 232
1880 229
1881 279
1882 248
1883 347
1884 229
1885 230
1886 231
1887 225
1888 383
1889 225
1890 232
1891 229
1892 228
1893 231
1894 231
1895 324
1896 312
1897 227
1898 229
1899 443
1900 233
1901 238
1902 379
1903 285
1904 242
1905 278
1906 228
1907 307
1908 240
1909 236
1910 327
1911 295
1912 247
1913 240
1914 234
1915 281
1916 241
1917 240
1918 264
1919 359
1920 356
1921 255
1922 252
1923 258
1924 306
1925 384
1926 247
1927 311
1928 269
1929 238
1930 253
1931 270
1932 266
1933 263
1934 232
1935 235
1936 229
1937 231
1938 231
1939 230
1940 229
1941 230
1942 230
1943 230
1944 251
1945 232
1946 228
1947 229
1948 234
1949 233
1950 233
1951 229
1952 236
1953 236
1954 231
1955 228
1956 231
1957 231
1958 232
1959 289
1960 228
1961 230
1962 231
1963 229
1964 231
1965 232
1966 235
1967 344
1968 232
1969 387
1970 236
1971 230
1972 235
1973 231
1974 230
1975 233
1976 234
1977 231
1978 246
1979 232
1980 235
1981 236
1982 234
1983 308
1984 279
1985 314
1986 232
1987 251
1988 252
1989 256
1990 246
1991 236
1992 232
1993 264
1994 237
1995 239
1996 236
1997 252
1998 234
1999 238
2000 246
2001 276
2002 281
2003 337
2004 284
2005 305
2006 253
2007 329
2008 386
2009 249
2010 422
2011 448
2012 443
2013 367
2014 347
2015 334
2016 347
2017 300
2018 303
2019 376
2020 267
2021 290
2022 289
2023 353
2024 362
2025 269
2026 343
2027 348
2028 314
2029 292
2030 295
2031 316
2032 305
2033 285
2034 310
2035 254
2036 269
2037 309
2038 273
2039 348
2040 355
2041 365
2042 369
2043 363
2044 344
2045 415
2046 361
2047 684
2048 371
2049 516
2050 462
2051 350
2052 386
2053 363
2054 368
2055 322
2056 338
2057 311
2058 325
2059 314
2060 298
2061 297
2062 355
2063 317
2064 368
2065 300
2066 297
2067 306
2068 295
2069 301
2070 301
2071 301
2072 304
2073 267
2074 299
2075 300
2076 304
2077 301
2078 298
2079 318
2080 300
2081 302
2082 357
2083 327
2084 330
2085 319
2086 325
2087 326
2088 304
2089 383
2090 475
2091 318
2092 368
2093 444
2094 314
2095 305
2096 311
2097 303
2098 369
2099 296
2100 299
2101 376
2102 367
2103 361
2104 332
2105 360
2106 498
2107 393
2108 278
2109 332
2110 277
2111 304
2112 302
2113 340
2114 270
2115 301
2116 306
2117 302
2118 303
2119 328
2120 306
2121 303
2122 303
2123 307
2124 304
2125 315
2126 312
2127 304
2128 303
2129 303
2130 270
2131 305
2132 303
2133 306
2134 305
2135 308
2136 303
2137 306
2138 307
2139 371
2140 272
2141 274
2142 266
2143 371
2144 271
2145 344
2146 362
2147 266
2148 265
2149 265
2150 303
2151 303
2152 262
2153 299
2154 262
2155 269
2156 264
2157 300
2158 265
2159 267
2160 280
2161 382
2162 386
2163 269
2164 265
2165 302
2166 267
2167 305
2168 448
2169 417
2170 289
2171 277
2172 273
2173 317
2174 288
2175 409
2176 330
2177 366
2178 274
2179 276
2180 448
2181 290
2182 281
2183 317
2184 417
2185 274
2186 273
2187 278
2188 360
2189 310
2190 280
2191 278
2192 300
2193 280
2194 360
2195 275
2196 277
2197 273
2198 280
2199 277
2200 279
2201 280
2202 433
2203 286
2204 282
2205 276
2206 279
2207 442
2208 269
2209 270
2210 268
2211 279
2212 277
2213 316
2214 309
2215 268
2216 273
2217 269
2218 274
2219 358
2220 270
2221 268
2222 306
2223 385
2224 309
2225 271
2226 412
2227 271
2228 305
2229 434
2230 308
2231 281
2232 270
2233 273
2234 273
2235 275
2236 273
2237 276
2238 372
2239 272
2240 274
2241 317
2242 274
2243 274
2244 317
2245 287
2246 312
2247 352
2248 277
2249 277
2250 277
2251 279
2252 321
2253 340
2254 278
2255 276
2256 276
2257 276
2258 387
2259 283
2260 279
2261 283
2262 274
2263 355
2264 310
2265 282
2266 281
2267 318
2268 276
2269 279
2270 276
2271 343
2272 279
2273 370
2274 276
2275 387
2276 280
2277 285
2278 280
2279 281
2280 280
2281 317
2282 280
2283 284
2284 280
2285 283
2286 280
2287 314
2288 395
2289 281
2290 317
2291 280
2292 291
2293 442
2294 302
2295 314
2296 281
2297 412
2298 400
2299 314
2300 280
2301 320
2302 280
2303 387
2304 281
2305 317
2306 282
2307 281
2308 296
2309 282
2310 284
2311 392
2312 282
2313 283
2314 281
2315 282
2316 287
2317 283
2318 283
2319 321
2320 285
2321 363
2322 320
2323 284
2324 282
2325 284
2326 291
2327 336
2328 373
2329 342
2330 292
2331 300
2332 286
2333 437
2334 321
2335 351
2336 400
2337 286
2338 284
2339 284
2340 285
2341 325
2342 322
2343 288
2344 411
2345 292
2346 293
2347 407
2348 461
2349 285
2350 288
2351 288
2352 288
2353 286
2354 291
2355 294
2356 322
2357 331
2358 286
2359 287
2360 289
2361 289
2362 291
2363 424
2364 288
2365 373
2366 302
2367 296
2368 289
2369 329
2370 289
2371 290
2372 289
2373 293
2374 324
2375 290
2376 465
2377 296
2378 288
2379 325
2380 290
2381 295
2382 290
2383 290
2384 329
2385 287
2386 292
2387 324
2388 296
2389 432
2390 323
2391 298
2392 289
2393 335
2394 380
2395 295
2396 372
2397 430
2398 291
2399 328
2400 423
2401 293
2402 294
2403 395
2404 335
2405 296
2406 299
2407 292
2408 347
2409 292
2410 335
2411 386
2412 329
2413 386
2414 295
2415 295
2416 402
2417 383
2418 299
2419 344
2420 368
2421 311
2422 310
2423 314
2424 298
2425 471
2426 295
2427 337
2428 473
2429 439
2430 506
2431 372
2432 308
2433 312
2434 305
2435 294
2436 305
2437 297
2438 298
2439 338
2440 306
2441 297
2442 300
2443 299
2444 299
2445 300
2446 372
2447 724
2448 333
2449 298
2450 301
2451 337
2452 298
2453 300
2454 337
2455 345
2456 307
2457 300
2458 478
2459 303
2460 393
2461 301
2462 346
2463 302
2464 304
2465 449
2466 302
2467 302
2468 301
2469 303
2470 304
2471 307
2472 302
2473 339
2474 312
2475 300
2476 439
2477 315
2478 334
2479 325
2480 309
2481 319
2482 307
2483 303
2484 304
2485 339
2486 305
2487 303
2488 302
2489 306
2490 306
2491 306
2492 306
2493 307
2494 341
2495 304
2496 303
2497 319
2498 340
2499 306
2500 308
2501 307
2502 307
2503 343
2504 307
2505 332
2506 307
2507 342
2508 306
2509 308
2510 306
2511 323
2512 304
2513 305
2514 409
2515 316
2516 322
2517 551
2518 323
2519 380
2520 305
2521 350
2522 310
2523 348
2524 343
2525 311
2526 392
2527 344
2528 309
2529 309
2530 416
2531 311
2532 311
2533 344
2534 308
2535 309
2536 355
2537 307
2538 308
2539 310
2540 380
2541 350
2542 318
2543 317
2544 319
2545 387
2546 343
2547 368
2548 320
2549 310
2550 415
2551 314
2552 437
2553 314
2554 1017
2555 313
2556 555
2557 314
2558 309
2559 315
2560 350
2561 348
2562 357
2563 313
2564 314
2565 319
2566 315
2567 319
2568 316
2569 324
2570 316
2571 317
2572 319
2573 472
2574 317
2575 315
2576 354
2577 326
2578 324
2579 317
2580 316
2581 352
2582 323
2583 319
2584 317
2585 320
2586 357
2587 335
2588 316
2589 352
2590 319
2591 321
2592 323
2593 315
2594 317
2595 327
2596 774
2597 360
2598 320
2599 354
2600 324
2601 318
2602 321
2603 317
2604 393
2605 326
2606 320
2607 327
2608 322
2609 377
2610 320
2611 317
2612 331
2613 365
2614 324
2615 357
2616 320
2617 332
2618 319
2619 466
2620 323
2621 323
2622 323
2623 330
2624 323
2625 332
2626 334
2627 327
2628 325
2629 325
2630 324
2631 325
2632 358
2633 330
2634 331
2635 323
2636 320
2637 321
2638 321
2639 325
2640 329
2641 600
2642 324
2643 329
2644 323
2645 361
2646 329
2647 333
2648 363
2649 329
2650 326
2651 331
2652 363
2653 326
2654 325
2655 326
2656 327
2657 332
2658 329
2659 326
2660 360
2661 326
2662 330
2663 335
2664 329
2665 332
2666 333
2667 325
2668 364
2669 491
2670 407
2671 344
2672 363
2673 333
2674 332
2675 333
2676 330
2677 338
2678 333
2679 403
2680 327
2681 366
2682 331
2683 365
2684 333
2685 331
2686 443
2687 330
2688 364
2689 332
2690 475
2691 326
2692 331
2693 326
2694 328
2695 378
2696 404
2697 328
2698 329
2699 406
2700 337
2701 330
2702 334
2703 367
2704 388
2705 342
2706 332
2707 331
2708 356
2709 332
2710 414
2711 332
2712 334
2713 335
2714 404
2715 337
2716 337
2717 536
2718 352
2719 336
2720 335
2721 331
2722 333
2723 347
2724 339
2725 337
2726 334
2727 336
2728 337
2729 334
2730 373
2731 340
2732 338
2733 334
2734 340
2735 338
2736 418
2737 372
2738 488
2739 530
2740 340
2741 335
2742 344
2743 339
2744 339
2745 339
2746 337
2747 339
2748 337
2749 339
2750 338
2751 373
2752 337
2753 341
2754 393
2755 335
2756 340
2757 344
2758 343
2759 336
2760 375
2761 342
2762 340
2763 482
2764 347
2765 420
2766 342
2767 346
2768 342
2769 471
2770 346
2771 350
2772 376
2773 533
2774 351
2775 353
2776 357
2777 349
2778 348
2779 352
2780 348
2781 391
2782 377
2783 344
2784 341
2785 345
2786 348
2787 345
2788 378
2789 384
2790 352
2791 346
2792 345
2793 347
2794 462
2795 391
2796 477
2797 353
2798 357
2799 383
2800 348
2801 348
2802 348
2803 347
2804 356
2805 346
2806 392
2807 380
2808 351
2809 382
2810 348
2811 349
2812 345
2813 388
2814 351
2815 351
2816 350
2817 353
2818 437
2819 358
2820 368
2821 404
2822 364
2823 350
2824 356
2825 357
2826 347
2827 348
2828 348
2829 347
2830 347
2831 353
2832 400
2833 345
2834 384
2835 353
2836 426
2837 357
2838 347
2839 354
2840 358
2841 349
2842 355
2843 349
2844 347
2845 354
2846 389
2847 462
2848 351
2849 357
2850 351
2851 457
2852 351
2853 385
2854 349
2855 356
2856 424
2857 349
2858 452
2859 363
2860 424
2861 361
2862 361
2863 423
2864 420
2865 415
2866 390
2867 351
2868 387
2869 354
2870 400
2871 355
2872 391
2873 459
2874 353
2875 434
2876 435
2877 359
2878 356
2879 354
2880 355
2881 357
2882 361
2883 356
2884 357
2885 357
2886 393
2887 355
2888 360
2889 360
2890 362
2891 365
2892 395
2893 380
2894 589
2895 365
2896 357
2897 365
2898 364
2899 459
2900 513
2901 373
2902 386
2903 402
2904 390
2905 427
2906 381
2907 408
2908 404
2909 390
2910 388
2911 382
2912 389
2913 385
2914 386
2915 391
2916 390
2917 371
2918 376
2919 375
2920 409
2921 415
2922 497
2923 374
2924 366
2925 544
2926 481
2927 377
2928 361
2929 371
2930 376
2931 437
2932 370
2933 374
2934 440
2935 424
2936 516
2937 373
2938 366
2939 403
2940 377
2941 374
2942 366
2943 382
2944 371
2945 384
2946 368
2947 367
2948 368
2949 367
2950 367
2951 366
2952 439
2953 472
2954 406
2955 367
2956 366
2957 367
2958 453
2959 381
2960 376
2961 374
2962 378
2963 367
2964 369
2965 369
2966 415
2967 372
2968 412
2969 404
2970 375
2971 374
2972 374
2973 369
2974 371
2975 371
2976 375
2977 376
2978 374
2979 371
2980 370
2981 404
2982 374
2983 375
2984 420
2985 381
2986 441
2987 376
2988 371
2989 413
2990 380
2991 378
2992 371
2993 373
2994 407
2995 384
2996 413
2997 371
2998 370
2999 408
