0 1
1 0
2 0
3 1
4 2
5 1
6 5
7 1
8 5
9 2
10 3
11 1
12 2
13 3
14 2
15 3
16 4
17 3
18 4
19 4
20 3
21 3
22 5
23 4
24 4
25 4
26 5
27 5
28 6
29 5
30 6
31 6
32 5
33 6
34 7
35 7
36 6
37 8
38 7
39 7
40 10
41 8
42 8
43 8
44 9
45 6
46 9
47 9
48 7
49 10
50 11
51 8
52 9
53 7
54 11
55 10
56 12
57 10
58 9
59 18
60 16
61 14
62 14
63 10
64 11
65 14
66 12
67 16
68 11
69 11
70 15
71 14
72 36
73 17
74 16
75 18
76 18
77 36
78 19
79 20
80 20
81 18
82 21
83 29
84 21
85 17
86 17
87 17
88 37
89 23
90 23
91 20
92 23
93 24
94 19
95 27
96 21
97 24
98 25
99 25
100 33
101 47
102 27
103 28
104 28
105 29
106 31
107 34
108 33
109 70
110 27
111 36
112 31
113 26
114 33
115 33
116 31
117 32
118 35
119 46
120 28
121 30
122 30
123 29
124 30
125 54
126 49
127 41
128 118
129 50
130 51
131 34
132 35
133 35
134 35
135 34
136 85
137 45
138 44
139 39
140 38
141 37
142 46
143 47
144 47
145 44
146 45
147 43
148 44
149 61
150 43
151 44
152 43
153 43
154 44
155 44
156 45
157 56
158 50
159 64
160 57
161 62
162 49
163 51
164 54
165 49
166 51
167 51
168 63
169 55
170 52
171 54
172 55
173 55
174 72
175 54
176 56
177 58
178 61
179 60
180 58
181 63
182 67
183 59
184 61
185 80
186 79
187 63
188 72
189 76
190 73
191 65
192 100
193 67
194 87
195 66
196 100
197 76
198 72
199 74
200 76
201 92
202 99
203 85
204 79
205 79
206 82
207 84
208 98
209 97
210 94
211 80
212 103
213 114
214 96
215 80
216 80
217 81
218 91
219 82
220 82
221 99
222 107
223 87
224 86
225 86
226 86
227 88
228 152
229 99
230 91
231 146
232 92
233 108
234 104
235 104
236 128
237 149
238 96
239 114
240 96
241 97
242 97
243 117
244 107
245 100
246 130
247 102
248 136
249 121
250 109
251 106
252 127
253 106
254 108
255 123
256 112
257 129
258 112
259 121
260 134
261 114
262 116
263 115
264 116
265 117
266 118
267 119
268 119
269 150
270 137
271 122
272 124
273 123
274 129
275 124
276 125
277 127
278 127
279 133
280 133
281 137
282 133
283 150
284 135
285 151
286 136
287 158
288 136
289 137
290 138
291 141
292 141
293 148
294 140
295 142
296 174
297 144
298 146
299 145
300 162
301 147
302 166
303 151
304 159
305 196
306 164
307 157
308 168
309 155
310 156
311 157
312 158
313 159
314 160
315 161
316 164
317 165
318 163
319 178
320 167
321 167
322 167
323 177
324 168
325 170
326 172
327 189
328 174
329 174
330 175
331 176
332 176
333 178
334 180
335 182
336 193
337 182
338 190
339 206
340 186
341 208
342 192
343 204
344 192
345 191
346 205
347 194
348 213
349 205
350 252
351 197
352 200
353 201
354 199
355 200
356 214
357 241
358 205
359 211
360 224
361 207
362 209
363 209
364 210
365 210
366 213
367 245
368 226
369 218
370 224
371 223
372 222
373 222
374 224
375 225
376 273
377 241
378 241
379 276
380 315
381 234
382 233
383 313
384 254
385 260
386 415
387 413
388 411
389 337
390 321
391 243
392 269
393 243
394 244
395 246
396 246
397 247
398 300
399 276
400 251
401 252
402 283
403 392
404 355
405 253
406 299
407 336
408 325
409 375
410 299
411 267
412 321
413 290
414 292
415 271
416 274
417 274
418 280
419 289
420 280
421 314
422 317
423 282
424 283
425 287
426 287
427 298
428 303
429 303
430 322
431 293
432 292
433 292
434 297
435 309
436 358
437 365
438 303
439 303
440 336
441 303
442 353
443 335
444 335
445 307
446 319
447 310
448 310
449 313
450 385
451 336
452 398
453 351
454 349
455 355
456 385
457 404
458 331
459 358
460 345
461 358
462 412
463 406
464 348
465 359
466 366
467 515
468 424
469 420
470 406
471 429
472 422
473 409
474 427
475 424
476 421
477 424
478 423
479 425
480 432
481 439
482 441
483 485
484 441
485 440
486 441
487 435
488 449
489 441
490 441
491 454
492 461
493 450
494 437
495 448
496 489
497 465
498 461
499 486
500 456
501 614
502 562
503 399
504 445
505 403
506 411
507 400
508 425
509 411
510 484
511 414
512 415
513 419
514 419
515 421
516 429
517 428
518 499
519 485
520 422
521 421
522 478
523 460
524 487
525 489
526 492
527 471
528 516
529 527
530 438
531 463
532 553
533 531
534 506
535 507
536 540
537 505
538 531
539 479
540 458
541 507
542 531
543 514
544 484
545 521
546 485
547 465
548 466
549 531
550 525
551 470
552 474
553 472
554 473
555 485
556 479
557 481
558 480
559 482
560 514
561 486
562 495
563 488
564 496
565 493
566 494
567 547
568 505
569 526
570 524
571 651
572 513
573 520
574 528
575 569
576 512
577 518
578 541
579 517
580 514
581 516
582 539
583 549
584 548
585 550
586 551
587 558
588 614
589 533
590 552
591 537
592 544
593 603
594 546
595 547
596 547
597 549
598 577
599 556
600 557
601 567
602 588
603 801
604 832
605 681
606 683
607 685
608 687
609 693
610 699
611 682
612 706
613 690
614 681
615 690
616 681
617 711
618 703
619 704
620 705
621 709
622 716
623 708
624 701
625 703
626 715
627 819
628 716
629 913
630 682
631 740
632 815
633 688
634 622
635 768
636 726
637 668
638 640
639 642
640 670
641 653
642 652
643 767
644 670
645 659
646 638
647 642
648 647
649 647
650 661
651 691
652 743
653 793
654 789
655 716
656 716
657 759
658 754
659 688
660 672
661 668
662 681
663 688
664 799
665 693
666 714
667 688
668 684
669 790
670 793
671 694
672 699
673 781
674 784
675 818
676 702
677 714
678 732
679 720
680 815
681 872
682 723
683 727
684 839
685 888
686 853
687 851
688 733
689 739
690 789
691 839
692 829
693 748
694 812
695 809
696 761
697 835
698 775
699 739
700 742
701 751
702 771
703 811
704 843
705 796
706 766
707 759
708 760
709 814
710 793
711 838
712 780
713 769
714 771
715 775
716 918
717 783
718 822
719 783
720 803
721 806
722 876
723 790
724 814
725 798
726 802
727 830
728 923
729 852
730 808
731 925
732 813
733 933
734 822
735 854
736 826
737 835
738 949
739 847
740 833
741 831
742 834
743 836
744 838
745 1015
746 927
747 855
748 845
749 844
750 860
751 940
752 866
753 858
754 859
755 909
756 876
757 871
758 888
759 870
760 874
761 1087
762 883
763 896
764 907
765 885
766 905
767 936
768 900
769 915
770 907
771 1011
772 1133
773 905
774 904
775 906
776 952
777 1053
778 955
779 962
780 958
781 918
782 1058
783 929
784 952
785 959
786 927
787 960
788 949
789 1029
790 948
791 948
792 951
793 1048
794 955
795 1082
796 977
797 953
798 1075
799 1018
800 986
801 966
802 975
803 1040
804 1065
805 979
806 981
807 988
808 1102
809 984
810 991
811 1037
812 1021
813 1135
814 1011
815 998
816 1090
817 1045
818 1367
819 1120
820 1015
821 1026
822 1018
823 1021
824 1030
825 1043
826 1176
827 1029
828 1080
829 1052
830 1071
831 1043
832 1062
833 1230
834 1163
835 1276
836 1238
837 1261
838 1064
839 1088
840 1100
841 1305
842 1232
843 1074
844 1076
845 1074
846 1235
847 1252
848 1270
849 1100
850 1285
851 1207
852 1283
853 1292
854 1275
855 1261
856 1361
857 1267
858 1262
859 1277
860 1496
861 1445
862 2124
863 2110
864 1326
865 1522
866 1425
867 1548
868 1441
869 1379
870 1233
871 1233
872 1183
873 1152
874 1285
875 1178
876 1161
877 1196
878 1165
879 1314
880 1222
881 1175
882 1255
883 1172
884 1174
885 1176
886 1185
887 1346
888 1229
889 1201
890 1332
891 1203
892 1207
893 1407
894 1288
895 1206
896 1206
897 1222
898 1210
899 1239
900 1211
901 1228
902 1223
903 1289
904 1237
905 1254
906 1318
907 1241
908 1244
909 1363
910 1248
911 1263
912 1255
913 1260
914 1257
915 1261
916 1294
917 1295
918 1247
919 1332
920 1304
921 1272
922 1272
923 1276
924 1274
925 1302
926 1281
927 1288
928 1297
929 1289
930 1342
931 1302
932 1299
933 1319
934 1346
935 1311
936 1314
937 1398
938 1403
939 1380
940 1412
941 1333
942 1457
943 1418
944 1336
945 1372
946 1350
947 1341
948 1344
949 1354
950 1355
951 1404
952 1366
953 1365
954 1368
955 1378
956 1335
957 1376
958 1373
959 1379
960 1417
961 1421
962 1399
963 1401
964 1451
965 1397
966 1396
967 1407
968 1441
969 1443
970 1503
971 1414
972 1499
973 1505
974 1428
975 1430
976 1527
977 1436
978 1444
979 1496
980 1512
981 1453
982 1524
983 1484
984 1612
985 1424
986 1428
987 1430
988 1427
989 1429
990 1430
991 1466
992 1471
993 1444
994 1451
995 1526
996 1531
997 1457
998 1460
999 1583
1000 1549
1001 1458
1002 1579
1003 1572
1004 1438
1005 1659
1006 1442
1007 1628
1008 1666
1009 1490
1010 1530
1011 1497
1012 2206
1013 1616
1014 2561
1015 1926
1016 1512
1017 1725
1018 1566
1019 1655
1020 1647
1021 1523
1022 1525
1023 1792
1024 1529
1025 1534
1026 1722
1027 1678
1028 1538
1029 1620
1030 1544
1031 1716
1032 1555
1033 1555
1034 1668
1035 1670
1036 1573
1037 1841
1038 1610
1039 1707
1040 1683
1041 1685
1042 1810
1043 1582
1044 1585
1045 1769
1046 1732
1047 1595
1048 1644
1049 1719
1050 1709
1051 1619
1052 1614
1053 1627
1054 1914
1055 2127
1056 1670
1057 2362
1058 1732
1059 2496
1060 1688
1061 1690
1062 1710
1063 1867
1064 1908
1065 1988
1066 1719
1067 1733
1068 1737
1069 1720
1070 1729
1071 1721
1072 1755
1073 1753
1074 1805
1075 1681
1076 1690
1077 1743
1078 1756
1079 1829
1080 1762
1081 1756
1082 1714
1083 1835
1084 2003
1085 1714
1086 1724
1087 1856
1088 1952
1089 1818
1090 1831
1091 1739
1092 1740
1093 1749
1094 1866
1095 1809
1096 1707
1097 1969
1098 1857
1099 2232
1100 1760
1101 1842
1102 2800
1103 1887
1104 1855
1105 1965
1106 1864
1107 1785
1108 1796
1109 1796
1110 1990
1111 1889
1112 1951
1113 1806
1114 1782
1115 1919
1116 1930
1117 2104
1118 1818
1119 1820
1120 1934
1121 1828
1122 1963
1123 1837
1124 2190
1125 2116
1126 1850
1127 1930
1128 1853
1129 2037
1130 1969
1131 1856
1132 1976
1133 1864
1134 2114
1135 1848
1136 1873
1137 1989
1138 2004
1139 1888
1140 1886
1141 2180
1142 1853
1143 1853
1144 1908
1145 1914
1146 2153
1147 1987
1148 2186
1149 1990
1150 1873
1151 1884
1152 1915
1153 2259
1154 2198
1155 2477
1156 2201
1157 2075
1158 1949
1159 2049
1160 1959
1161 1930
1162 2039
1163 2045
1164 2436
1165 2477
1166 3368
1167 2363
1168 2053
1169 2064
1170 2035
1171 2355
1172 1994
1173 2141
1174 2076
1175 2002
1176 2012
1177 2018
1178 2057
1179 2020
1180 2374
1181 2183
1182 2122
1183 2043
1184 2303
1185 2044
1186 2076
1187 2491
1188 2179
1189 2181
1190 2088
1191 2230
1192 2280
1193 2122
1194 2073
1195 2034
1196 2024
1197 2374
1198 2087
1199 2189
1200 2097
1201 2186
1202 2093
1203 2111
1204 2054
1205 2360
1206 2296
1207 2420
1208 2303
1209 2340
1210 2439
1211 2222
1212 2267
1213 2793
1214 2144
1215 2286
1216 2192
1217 2151
1218 2156
1219 2278
1220 2356
1221 2356
1222 2356
1223 2350
1224 2182
1225 2277
1226 2196
1227 2188
1228 2315
1229 2136
1230 2321
1231 2181
1232 2359
1233 2162
1234 2305
1235 2215
1236 2226
1237 2422
1238 2168
1239 3282
1240 2373
1241 2241
1242 2321
1243 2239
1244 2593
1245 2453
1246 2301
1247 2260
1248 2487
1249 2267
1250 2273
1251 2397
1252 2354
1253 2285
1254 2447
1255 2369
1256 2645
1257 2387
1258 2383
1259 2247
1260 2532
1261 2255
1262 2438
1263 2382
1264 2430
1265 2271
1266 2490
1267 2335
1268 2568
1269 2433
1270 2742
1271 2324
1272 2476
1273 2392
1274 2440
1275 2451
1276 2447
1277 2305
1278 2465
1279 2357
1280 2439
1281 2480
1282 2520
1283 2407
1284 2553
1285 2391
1286 2482
1287 2491
1288 2508
1289 2359
1290 2634
1291 2365
1292 2739
1293 2701
1294 2437
1295 2431
1296 2553
1297 2466
1298 2563
1299 2674
1300 2451
1301 2547
1302 2667
1303 2592
1304 2793
1305 2699
1306 2465
1307 2672
1308 2622
1309 2713
1310 2844
1311 2574
1312 2735
1313 2885
1314 2816
1315 2508
1316 2585
1317 2672
1318 2681
1319 2497
1320 3025
1321 2533
1322 2539
1323 2825
1324 2546
1325 2740
1326 2641
1327 2677
1328 2604
1329 2842
1330 2509
1331 2700
1332 2601
1333 2848
1334 2580
1335 2672
1336 2528
1337 2913
1338 3226
1339 2942
1340 2977
1341 2705
1342 2607
1343 2623
1344 2735
1345 2695
1346 2983
1347 2786
1348 2761
1349 2971
1350 2638
1351 2974
1352 2689
1353 2621
1354 2878
1355 2800
1356 2993
1357 3032
1358 4413
1359 3373
1360 2747
1361 2693
1362 3048
1363 3169
1364 3131
1365 2698
1366 2827
1367 2788
1368 3029
1369 2957
1370 2705
1371 3234
1372 2828
1373 2859
1374 2798
1375 2837
1376 3223
1377 2885
1378 2880
1379 2758
1380 3042
1381 2852
1382 2843
1383 2855
1384 2716
1385 3083
1386 2715
1387 2786
1388 2997
1389 2727
1390 3247
1391 2838
1392 2909
1393 2819
1394 2810
1395 3191
1396 2917
1397 3334
1398 3321
1399 2764
1400 2968
1401 2958
1402 2987
1403 2850
1404 3030
1405 3133
1406 3297
1407 3063
1408 2797
1409 2962
1410 3138
1411 3272
1412 3029
1413 3101
1414 3044
1415 3235
1416 3347
1417 3339
1418 3214
1419 3435
1420 3072
1421 3022
1422 2927
1423 3047
1424 2862
1425 3086
1426 3023
1427 2953
1428 3047
1429 3035
1430 3121
1431 3039
1432 3517
1433 3099
1434 3003
1435 3407
1436 3344
1437 3461
1438 2984
1439 3513
1440 3154
1441 3176
1442 3007
1443 3021
1444 3497
1445 3073
1446 3651
1447 3161
1448 3565
1449 3235
1450 3219
1451 3540
1452 3055
1453 3188
1454 3072
1455 4147
1456 3283
1457 3105
1458 3963
1459 3216
1460 3082
1461 5474
1462 4107
1463 3992
1464 3220
1465 3274
1466 3406
1467 3218
1468 3427
1469 3464
1470 3221
1471 3217
1472 3568
1473 3273
1474 3302
1475 3520
1476 3431
1477 3299
1478 3487
1479 3485
1480 3255
1481 3307
1482 4052
1483 3189
1484 3269
1485 3449
1486 3326
1487 3278
1488 3894
1489 3791
1490 3772
1491 3300
1492 3488
1493 3314
1494 3799
1495 3548
1496 3462
1497 3330
1498 3467
1499 3486
1500 3579
1501 3982
1502 3976
1503 3521
1504 3392
1505 3507
1506 3496
1507 3444
1508 3685
1509 3733
1510 3658
1511 3808
1512 3457
1513 3420
1514 3691
1515 3564
1516 3432
1517 3521
1518 3697
1519 3523
1520 3517
1521 3456
1522 3463
1523 3470
1524 3382
1525 3651
1526 3389
1527 3410
1528 3375
1529 3932
1530 3484
1531 3383
1532 3468
1533 3357
1534 3313
1535 3322
1536 3710
1537 3332
1538 3489
1539 3566
1540 3998
1541 3608
1542 3408
1543 4235
1544 3862
1545 3455
1546 3766
1547 3699
1548 3455
1549 3451
1550 5443
1551 3624
1552 3619
1553 3479
1554 3769
1555 3873
1556 3590
1557 3646
1558 3984
1559 3509
1560 3687
1561 3762
1562 3668
1563 3489
1564 4466
1565 3617
1566 3452
1567 3543
1568 4234
1569 3814
1570 3826
1571 3473
1572 3883
1573 3499
1574 3582
1575 3788
1576 3767
1577 3636
1578 4332
1579 4303
1580 3703
1581 3613
1582 4253
1583 3735
1584 3662
1585 3549
1586 4145
1587 4469
1588 4371
1589 4397
1590 4839
1591 3990
1592 4572
1593 4056
1594 3912
1595 4343
1596 4002
1597 3999
1598 3803
1599 4863
1600 4034
1601 3982
1602 4628
1603 4327
1604 4568
1605 4011
1606 4319
1607 4539
1608 3969
1609 4559
1610 3930
1611 3951
1612 4292
1613 4199
1614 4185
1615 4836
1616 4088
1617 3931
1618 3874
1619 4003
1620 4512
1621 4139
1622 3899
1623 3940
1624 3819
1625 4485
1626 3990
1627 3939
1628 4106
1629 3880
1630 4314
1631 4822
1632 4219
1633 5001
1634 4181
1635 3981
1636 4030
1637 4048
1638 4159
1639 4679
1640 4354
1641 4072
1642 3983
1643 4037
1644 3906
1645 4032
1646 5386
1647 4324
1648 4452
1649 4109
1650 4087
1651 4527
1652 5087
1653 4063
1654 4135
1655 4214
1656 4137
1657 4620
1658 4311
1659 5049
1660 4055
1661 4243
1662 4189
1663 4103
1664 5970
1665 4479
1666 4115
1667 4069
1668 4323
1669 4187
1670 4095
1671 4035
1672 4070
1673 3974
1674 4133
1675 3945
1676 4033
1677 3948
1678 4345
1679 4852
1680 4112
1681 4107
1682 4212
1683 4220
1684 4142
1685 4036
1686 4207
1687 3999
1688 4184
1689 4013
1690 4137
1691 4022
1692 4156
1693 4226
1694 4480
1695 4061
1696 4295
1697 4088
1698 4538
1699 4327
1700 4428
1701 4175
1702 4388
1703 4368
1704 4612
1705 4451
1706 4455
1707 4210
1708 4588
1709 5078
1710 4497
1711 4902
1712 4392
1713 4469
1714 4128
1715 4349
1716 4403
1717 4447
1718 4684
1719 5968
1720 5272
1721 5207
1722 4636
1723 5528
1724 5031
1725 5397
1726 5463
1727 5859
1728 5473
1729 4849
1730 4969
1731 5051
1732 5000
1733 5195
1734 4663
1735 4765
1736 4738
1737 4659
1738 5323
1739 5268
1740 4773
1741 4514
1742 4776
1743 6365
1744 4665
1745 5301
1746 4620
1747 5171
1748 4816
1749 4761
1750 5112
1751 4830
1752 5175
1753 4573
1754 4990
1755 4828
1756 5163
1757 4751
1758 4835
1759 5390
1760 4811
1761 5451
1762 5074
1763 4673
1764 4774
1765 4759
1766 5131
1767 5372
1768 5030
1769 4665
1770 5227
1771 4734
1772 5282
1773 4754
1774 4756
1775 5789
1776 5263
1777 5288
1778 4842
1779 5245
1780 4890
1781 5097
1782 4943
1783 5215
1784 4769
1785 4767
1786 4664
1787 5115
1788 4799
1789 4887
1790 4687
1791 4542
1792 4685
1793 4622
1794 4948
1795 4563
1796 4809
1797 4687
1798 5066
1799 5429
1800 5191
1801 4821
1802 4993
1803 4969
1804 5017
1805 4872
1806 6447
1807 5478
1808 4885
1809 4770
1810 4875
1811 4769
1812 5247
1813 4969
1814 5444
1815 4887
1816 5609
1817 5024
1818 4881
1819 5149
1820 5978
1821 4866
1822 5258
1823 6804
1824 5479
1825 5386
1826 6101
1827 5378
1828 5320
1829 5337
1830 4998
1831 6273
1832 5312
1833 5532
1834 5400
1835 5329
1836 5753
1837 5607
1838 5957
1839 5198
1840 6129
1841 5958
1842 5948
1843 5957
1844 6040
1845 6663
1846 5826
1847 5837
1848 5523
1849 5584
1850 5164
1851 6004
1852 5332
1853 5456
1854 5172
1855 5309
1856 5388
1857 5262
1858 5298
1859 6113
1860 5361
1861 5349
1862 5433
1863 6126
1864 5615
1865 5864
1866 5817
1867 5405
1868 5591
1869 6008
1870 5726
1871 5944
1872 5382
1873 5531
1874 5586
1875 6305
1876 5371
1877 5828
1878 6686
1879 5760
1880 5846
1881 5637
1882 5364
1883 5341
1884 5230
1885 5211
1886 5487
1887 5295
1888 5273
1889 5675
1890 6263
1891 5157
1892 5548
1893 6465
1894 6082
1895 5321
1896 5110
1897 5357
1898 6399
1899 5982
1900 5490
1901 5248
1902 5692
1903 5722
1904 5631
1905 5620
1906 6078
1907 6586
1908 6313
1909 5586
1910 6194
1911 5620
1912 5767
1913 5547
1914 6380
1915 5892
1916 5740
1917 5829
1918 6411
1919 6078
1920 6014
1921 6470
1922 5878
1923 5866
1924 5905
1925 6538
1926 6614
1927 6103
1928 6095
1929 6091
1930 6163
1931 5631
1932 5715
1933 5762
1934 6971
1935 6689
1936 5260
1937 5453
1938 5482
1939 6418
1940 5430
1941 5537
1942 5387
1943 6792
1944 5957
1945 5485
1946 5384
1947 5451
1948 5414
1949 5476
1950 5762
1951 5811
1952 5510
1953 5427
1954 5351
1955 5483
1956 5434
1957 5490
1958 5460
1959 5541
1960 5532
1961 5615
1962 5416
1963 5543
1964 5535
1965 5514
1966 5461
1967 5704
1968 7657
1969 5624
1970 5706
1971 5450
1972 5589
1973 5454
1974 5608
1975 5472
1976 6825
1977 6820
1978 5486
1979 5694
1980 5615
1981 7050
1982 6475
1983 5514
1984 5756
1985 5541
1986 7403
1987 8229
1988 5975
1989 5810
1990 5704
1991 5705
1992 5606
1993 5711
1994 5715
1995 6120
1996 5699
1997 5971
1998 5635
1999 5898
2000 6691
2001 6761
2002 8271
2003 6519
2004 6768
2005 7208
2006 6646
2007 7070
2008 6950
2009 7231
2010 7204
2011 7852
2012 7440
2013 7206
2014 7213
2015 7091
2016 7143
2017 8184
2018 7266
2019 7303
2020 6793
2021 6664
2022 7534
2023 7600
2024 7287
2025 6948
2026 6594
2027 7464
2028 6939
2029 7196
2030 7054
2031 6884
2032 6537
2033 6863
2034 6277
2035 6324
2036 6317
2037 6236
2038 6286
2039 7381
2040 7314
2041 7351
2042 7616
2043 7409
2044 8296
2045 7524
2046 7551
2047 10353
2048 8345
2049 7631
2050 8419
2051 7275
2052 7519
2053 7441
2054 6795
2055 6684
2056 7277
2057 7503
2058 6559
2059 6874
2060 6503
2061 6501
2062 7659
2063 6663
2064 6648
2065 6767
2066 6495
2067 6615
2068 6577
2069 6505
2070 6598
2071 6886
2072 6628
2073 6491
2074 6870
2075 7547
2076 6628
2077 6951
2078 6713
2079 6506
2080 7415
2081 6895
2082 6806
2083 7018
2084 6827
2085 6947
2086 7434
2087 7323
2088 7030
2089 6594
2090 7695
2091 8080
2092 7689
2093 7317
2094 6646
2095 6511
2096 6727
2097 7585
2098 6605
2099 6712
2100 7439
2101 7520
2102 7661
2103 7784
2104 7822
2105 7681
2106 9113
2107 7173
2108 6531
2109 6804
2110 8132
2111 6739
2112 6506
2113 6588
2114 6619
2115 6511
2116 6482
2117 6601
2118 6548
2119 6565
2120 6595
2121 6694
2122 6602
2123 6643
2124 6555
2125 6590
2126 6798
2127 6588
2128 6576
2129 6631
2130 6625
2131 6639
2132 6682
2133 6575
2134 6826
2135 6689
2136 6718
2137 6659
2138 7159
2139 7235
2140 6567
2141 7053
2142 6721
2143 6480
2144 6627
2145 6456
2146 6468
2147 6596
2148 6457
2149 9773
2150 6504
2151 6789
2152 6474
2153 6484
2154 6599
2155 6501
2156 6674
2157 7085
2158 6539
2159 6514
2160 7085
2161 6522
2162 8267
2163 6536
2164 6681
2165 9256
2166 7921
2167 7619
2168 8327
2169 7128
2170 9062
2171 8104
2172 8617
2173 7311
2174 8250
2175 7119
2176 7898
2177 9309
2178 8477
2179 8251
2180 8066
2181 9503
2182 7813
2183 8016
2184 8084
2185 7249
2186 7632
2187 7973
2188 7402
2189 8000
2190 7927
2191 7575
2192 7696
2193 6943
2194 7137
2195 7795
2196 7659
2197 7786
2198 7334
2199 8783
2200 6985
2201 9063
2202 9075
2203 7199
2204 8046
2205 7066
2206 6958
2207 6802
2208 7107
2209 6822
2210 6871
2211 6980
2212 7120
2213 6951
2214 7047
2215 6851
2216 6894
2217 7053
2218 7150
2219 8481
2220 6903
2221 7048
2222 7074
2223 7045
2224 7064
2225 7065
2226 6906
2227 7156
2228 6923
2229 6962
2230 7559
2231 6945
2232 7108
2233 9089
2234 6956
2235 7042
2236 7188
2237 7191
2238 7007
2239 7127
2240 7024
2241 7192
2242 7194
2243 7155
2244 7020
2245 7163
2246 7074
2247 9552
2248 7085
2249 9212
2250 7068
2251 7211
2252 7150
2253 7212
2254 7158
2255 7113
2256 7132
2257 7262
2258 7239
2259 7479
2260 7600
2261 7422
2262 7327
2263 7175
2264 7148
2265 7367
2266 7172
2267 7176
2268 7173
2269 7382
2270 7258
2271 7189
2272 7346
2273 7446
2274 7284
2275 7596
2276 7446
2277 7694
2278 7314
2279 7256
2280 7258
2281 7467
2282 7466
2283 7701
2284 7280
2285 7892
2286 7803
2287 7704
2288 7793
2289 7654
2290 7560
2291 7389
2292 7337
2293 7372
2294 7366
2295 7463
2296 9696
2297 7350
2298 7543
2299 7429
2300 7469
2301 7468
2302 7397
2303 7588
2304 7613
2305 7518
2306 7462
2307 7458
2308 7598
2309 7441
2310 7460
2311 8259
2312 7470
2313 7586
2314 7480
2315 7493
2316 7616
2317 7875
2318 7565
2319 7569
2320 7563
2321 7615
2322 7556
2323 7677
2324 7852
2325 7857
2326 7605
2327 8176
2328 7950
2329 7780
2330 9787
2331 7743
2332 7616
2333 7732
2334 9425
2335 7600
2336 7642
2337 7619
2338 8060
2339 7902
2340 7798
2341 7645
2342 7662
2343 11408
2344 9659
2345 8105
2346 8007
2347 7796
2348 7710
2349 7696
2350 7899
2351 7727
2352 7731
2353 7840
2354 7854
2355 7855
2356 7761
2357 7813
2358 7755
2359 7780
2360 7923
2361 7955
2362 8225
2363 7825
2364 8611
2365 7994
2366 9871
2367 7828
2368 7810
2369 7931
2370 7867
2371 7870
2372 7955
2373 7891
2374 8206
2375 7891
2376 8191
2377 7975
2378 8282
2379 7966
2380 8067
2381 7969
2382 8066
2383 7960
2384 7957
2385 10091
2386 8026
2387 7953
2388 9010
2389 10029
2390 8254
2391 8296
2392 8029
2393 8015
2394 10387
2395 8136
2396 8004
2397 8067
2398 10306
2399 8100
2400 10399
2401 8154
2402 8172
2403 8104
2404 8067
2405 8133
2406 8211
2407 8169
2408 8098
2409 8131
2410 10579
2411 8890
2412 8911
2413 8371
2414 8143
2415 8260
2416 8371
2417 8232
2418 8300
2419 11926
2420 8619
2421 8688
2422 8424
2423 8530
2424 8563
2425 8276
2426 8291
2427 8262
2428 8420
2429 8466
2430 9216
2431 8547
2432 11615
2433 8697
2434 8706
2435 8305
2436 8282
2437 8364
2438 8373
2439 8296
2440 8924
2441 8342
2442 8375
2443 9965
2444 8626
2445 8330
2446 8722
2447 14564
2448 8769
2449 8508
2450 8416
2451 8434
2452 8450
2453 9118
2454 8803
2455 8532
2456 8410
2457 8630
2458 8663
2459 8553
2460 8500
2461 8491
2462 8639
2463 8624
2464 8708
2465 8640
2466 8833
2467 8724
2468 8883
2469 8577
2470 8612
2471 8635
2472 8666
2473 10474
2474 8963
2475 8690
2476 8688
2477 9662
2478 9978
2479 9469
2480 9034
2481 8939
2482 8873
2483 10498
2484 8739
2485 8724
2486 8838
2487 8741
2488 8737
2489 8899
2490 8777
2491 8805
2492 8784
2493 8965
2494 8843
2495 8994
2496 8844
2497 8893
2498 9132
2499 9039
2500 8855
2501 8872
2502 9310
2503 9116
2504 8942
2505 9058
2506 9167
2507 8866
2508 8997
2509 8968
2510 8916
2511 8933
2512 9020
2513 10088
2514 13463
2515 10042
2516 9438
2517 9163
2518 9020
2519 9378
2520 9082
2521 8957
2522 9101
2523 9177
2524 9187
2525 9002
2526 8952
2527 9331
2528 9082
2529 9135
2530 9173
2531 9083
2532 9175
2533 9148
2534 9160
2535 9325
2536 9474
2537 9077
2538 9116
2539 9226
2540 9800
2541 10102
2542 11920
2543 10613
2544 10998
2545 10540
2546 10773
2547 9490
2548 9277
2549 9491
2550 9241
2551 9227
2552 9354
2553 9341
2554 10616
2555 9511
2556 9581
2557 9560
2558 9236
2559 9359
2560 9254
2561 9762
2562 9391
2563 9778
2564 11026
2565 9260
2566 9293
2567 9358
2568 9316
2569 9339
2570 9679
2571 9296
2572 9342
2573 9700
2574 9499
2575 9652
2576 10970
2577 9682
2578 9375
2579 9420
2580 9383
2581 9598
2582 9461
2583 9615
2584 9590
2585 9426
2586 9458
2587 9450
2588 9542
2589 9743
2590 9486
2591 9469
2592 9556
2593 11344
2594 10434
2595 10292
2596 13471
2597 9674
2598 9612
2599 10383
2600 11220
2601 9709
2602 9797
2603 10086
2604 10013
2605 9812
2606 9574
2607 9622
2608 9687
2609 9672
2610 9639
2611 9761
2612 10086
2613 9713
2614 9986
2615 10684
2616 11871
2617 11876
2618 11442
2619 9774
2620 9714
2621 9812
2622 9844
2623 9748
2624 9786
2625 10319
2626 10084
2627 9769
2628 9810
2629 12485
2630 10234
2631 9936
2632 10143
2633 10036
2634 9830
2635 9817
2636 9935
2637 9940
2638 10086
2639 9836
2640 10318
2641 10087
2642 9938
2643 9942
2644 10424
2645 11583
2646 9874
2647 10250
2648 10050
2649 10218
2650 9908
2651 9907
2652 10724
2653 9896
2654 9924
2655 10137
2656 10007
2657 9962
2658 9987
2659 10030
2660 10181
2661 9995
2662 10095
2663 10629
2664 11649
2665 10030
2666 10075
2667 11755
2668 11284
2669 11589
2670 10667
2671 11314
2672 11709
2673 10874
2674 10196
2675 11898
2676 10237
2677 10467
2678 10418
2679 10126
2680 10840
2681 11786
2682 10171
2683 10119
2684 10183
2685 10364
2686 10301
2687 10228
2688 10462
2689 10307
2690 10249
2691 10314
2692 10455
2693 10215
2694 10236
2695 10297
2696 10317
2697 10453
2698 10338
2699 11908
2700 10514
2701 10961
2702 14301
2703 10969
2704 10712
2705 10566
2706 10494
2707 10584
2708 11305
2709 10518
2710 10463
2711 10415
2712 10525
2713 11130
2714 10425
2715 10420
2716 12231
2717 13002
2718 11398
2719 10723
2720 10511
2721 10644
2722 10495
2723 10613
2724 10438
2725 10535
2726 10421
2727 10872
2728 11314
2729 10575
2730 11576
2731 10575
2732 10606
2733 10595
2734 10654
2735 10498
2736 10644
2737 11664
2738 11214
2739 10854
2740 10789
2741 10911
2742 10701
2743 10731
2744 10674
2745 11587
2746 12291
2747 10661
2748 10675
2749 10899
2750 10711
2751 11116
2752 10750
2753 10660
2754 10736
2755 10767
2756 10711
2757 10764
2758 10715
2759 10786
2760 10738
2761 10689
2762 10978
2763 11259
2764 11969
2765 11233
2766 10832
2767 10941
2768 10808
2769 10929
2770 10954
2771 11645
2772 12895
2773 12924
2774 12018
2775 12014
2776 11457
2777 11145
2778 11079
2779 11993
2780 10874
2781 10870
2782 10987
2783 10958
2784 10950
2785 10927
2786 11082
2787 11177
2788 11871
2789 12458
2790 11481
2791 11054
2792 12119
2793 12557
2794 12420
2795 11604
2796 11646
2797 11663
2798 11335
2799 11222
2800 11208
2801 11090
2802 11121
2803 11097
2804 12063
2805 11063
2806 13170
2807 11969
2808 11315
2809 12282
2810 12929
2811 12151
2812 13106
2813 12663
2814 11135
2815 11354
2816 11790
2817 11245
2818 14174
2819 14618
2820 11438
2821 11532
2822 11306
2823 13737
2824 11702
2825 12232
2826 12803
2827 12866
2828 11423
2829 11340
2830 11266
2831 14991
2832 11751
2833 11314
2834 12070
2835 12858
2836 13449
2837 13086
2838 13568
2839 12874
2840 11777
2841 12243
2842 11394
2843 11422
2844 11570
2845 12840
2846 11376
2847 11511
2848 11483
2849 12483
2850 13102
2851 11521
2852 11514
2853 11584
2854 14334
2855 11483
2856 11519
2857 13338
2858 11982
2859 13328
2860 13211
2861 11618
2862 11507
2863 11669
2864 12539
2865 11610
2866 11676
2867 11675
2868 11724
2869 11690
2870 11786
2871 13107
2872 13445
2873 11629
2874 11687
2875 11866
2876 11942
2877 11965
2878 11723
2879 12730
2880 12011
2881 11736
2882 11709
2883 11898
2884 13081
2885 11953
2886 11801
2887 12063
2888 11787
2889 11846
2890 14958
2891 14508
2892 12665
2893 11956
2894 12004
2895 11825
2896 11849
2897 11822
2898 12098
2899 16214
2900 14607
2901 13752
2902 14298
2903 13582
2904 12862
2905 12693
2906 13454
2907 12745
2908 13550
2909 12782
2910 12848
2911 13888
2912 12855
2913 13010
2914 13328
2915 13307
2916 14498
2917 13166
2918 13966
2919 14574
2920 14394
2921 13605
2922 14450
2923 12417
2924 13394
2925 14463
2926 13928
2927 13057
2928 14202
2929 14100
2930 13066
2931 14752
2932 13929
2933 15322
2934 12513
2935 13893
2936 12353
2937 13924
2938 14113
2939 13523
2940 15387
2941 13335
2942 14252
2943 12311
2944 12227
2945 12663
2946 12242
2947 12382
2948 12345
2949 13847
2950 13226
2951 12491
2952 12221
2953 12287
2954 14705
2955 12260
2956 12551
2957 14587
2958 13880
2959 12687
2960 12547
2961 14377
2962 13035
2963 12585
2964 12410
2965 12504
2966 12444
2967 12609
2968 12390
2969 12410
2970 12402
2971 12633
2972 12437
2973 12454
2974 12684
2975 12860
2976 12516
2977 12720
2978 12448
2979 13994
2980 14141
2981 12635
2982 12576
2983 13406
2984 13567
2985 12791
2986 12605
2987 12644
2988 12606
2989 12532
2990 12571
2991 15029
2992 13460
2993 13515
2994 13290
2995 12754
2996 12563
2997 12647
2998 12804
2999 13058
