не забыть границы рандома поменять на 2 и m-1

seed: 1645366279093743; size_of_field: 4x4; num_of_dislocations: 2; steps: 2

2 2 2 2 2 2
2 0 0 0 0 2
2 0 1 0 0 2
2 0 0 1 0 2
2 0 0 0 0 2
2 2 2 2 2 2

2 2 2 2 2 2
2 0 2 0 0 2
2 0 0 0 0 2
2 0 1 0 0 2
2 0 0 0 0 2
2 2 2 2 2 2

2 2 2 2 2 2
2 0 2 0 0 2
2 0 2 0 0 2
2 0 0 0 0 2
2 0 0 0 0 2
2 2 2 2 2 2

seed: 1645366588176435; size_of_field: 6x4; num_of_dislocations: 2; steps: 4

2 2 2 2 2 2
2 0 0 0 0 2
2 0 0 0 0 2
2 0 0 1 0 2
2 0 1 0 0 2
2 0 0 0 0 2
2 0 0 0 0 2
2 2 2 2 2 2

2 2 2 2 2 2
2 0 0 0 0 2
2 0 0 1 0 2
2 0 1 0 0 2
2 0 0 0 0 2
2 0 0 0 0 2
2 0 0 0 0 2
2 2 2 2 2 2

2 2 2 2 2 2
2 0 0 2 0 2
2 0 1 0 0 2
2 0 0 0 0 2
2 0 0 0 0 2
2 0 0 0 0 2
2 0 0 0 0 2
2 2 2 2 2 2

2 2 2 2 2 2
2 0 0 2 0 2
2 0 0 0 0 2
2 0 1 0 0 2
2 0 0 0 0 2
2 0 0 0 0 2
2 0 0 0 0 2
2 2 2 2 2 2

2 2 2 2 2 2
2 0 0 2 0 2
2 0 0 0 0 2
2 2 0 0 0 2
2 0 0 0 0 2
2 0 0 0 0 2
2 0 0 0 0 2
2 2 2 2 2 2


seed: 1645366889378751; size_of_field: 6x4; num_of_dislocations: 2; steps: 3

было

2 2 2 2 2 2
2 0 0 0 0 2
2 0 0 0 0 2
2 0 1 0 0 2
2 0 0 1 0 2
2 0 0 0 0 2
2 0 0 0 0 2
2 2 2 2 2 2

2 2 2 2 2 2
2 0 0 0 0 2
2 0 0 0 0 2
2 0 0 0 0 2
2 0 1 0 0 2
2 0 0 0 0 2
2 0 0 0 0 2
2 2 2 2 2 2

2 2 2 2 2 2
2 0 0 0 0 2
2 0 0 0 0 2
2 0 0 0 0 2
2 2 0 0 0 2
2 0 1 0 0 2
2 0 0 0 0 2
2 2 2 2 2 2

2 2 2 2 2 2
2 0 0 0 0 2
2 0 0 0 0 2
2 0 0 0 0 2
2 2 2 0 0 2
2 0 0 0 0 2
2 0 0 0 0 2
2 2 2 2 2 2

стало

2 2 2 2 2 2
2 0 0 0 0 2
2 0 0 0 0 2
2 0 1 0 0 2
2 0 0 1 0 2
2 0 0 0 0 2
2 0 0 0 0 2
2 2 2 2 2 2

2 2 2 2 2 2
2 0 0 0 0 2
2 0 0 0 0 2
2 0 0 0 0 2
2 0 2 2 0 2
2 0 0 0 0 2
2 0 0 0 0 2
2 2 2 2 2 2

seed: 1645367093044201; size_of_field: 6x4; num_of_dislocations: 2; steps: 1

2 2 2 2 2 2
2 0 0 0 0 2
2 0 0 0 0 2
2 0 1 0 0 2
2 0 0 0 0 2
2 0 0 1 0 2
2 0 0 0 0 2
2 2 2 2 2 2

2 2 2 2 2 2
2 0 0 0 0 2
2 0 0 0 0 2
2 0 0 0 0 2
2 0 2 2 0 2
2 0 0 0 0 2
2 0 0 0 0 2
2 2 2 2 2 2



    void update_field(){
        for (int i = 1; i < n+1; i++)
            for (int j = 1; j < m+1; j++){
                if (field[i][j] != 2)
                    field[i][j] = 0;
            }
        for (int i = 0; i < count; i++){
            if (field[positions[2*i]] [positions[2*i+1]] != 2)
                field[positions[2*i]] [positions[2*i+1]] = 1;
        }
    }